1642;485;st
1645;486
1661;500
1662;508
1682;527
1685;536
1688;543
1683;558
1650;569
1624;557
1595;553
1595;559
1597;563
1607;567
1619;587
1616;595
1621;609
1620;626
1616;633
1604;632
1601;640
1601;646
1596;650
1597;660
1590;675
1574;684
1569;694
1572;704
1579;717
1589;750
1584;783
1565;778
1549;772
1535;737
1547;672
1546;642
1504;604
1498;595
1409;595
1399;590
1396;582
1372;578
1343;563
1330;541
1318;550
1313;559
1300;559
1294;569
1297;582
1287;590
1285;599
1279;605
1282;613
1271;630
1261;634
1254;631
1250;636
1248;638
1242;632
1236;635
1231;643
1222;639
1216;647
1209;655
1209;666
1208;670
1213;682
1204;702
1207;708
1205;717
1203;723
1205;730
1197;739
1193;739
1192;758
1200;764
1206;776
1209;785
1203;797
1210;798
1215;813
1216;829
1225;841
1224;853
1227;865
1232;879
1230;882
1238;893
1237;897
1245;906
1252;913
1253;920
1260;932
1270;943
1269;950
1268;955
1272;965
1273;979
1273;985
1267;989
1260;987
1257;987
1247;1005
1243;1014
1243;1023
1240;1030
1241;1038
1245;1051
1249;1060
1256;1074
1256;1080
1256;1082
1252;1082
1250;1086
1249;1088
1246;1088
1245;1091
1247;1100
1249;1107
1243;1108
1227;1092
1198;1088
1175;1094
1169;1094
1156;1091
1151;1092
1146;1083
1140;1088
1124;1081
1111;1083
1106;1092
1110;1111
1111;1129
1088;1144
1073;1172
1053;1163
1028;1176
997;1172
985;1188
967;1159
941;1144
934;1134
900;1112
916;1102
933;1091
934;1085
943;1075
938;1066
939;1063
927;1036
919;1034
897;1014
892;1014
882;1003
878;993
873;989
887;974
894;964
904;959
909;957
905;947
905;937
902;929
907;920
906;912
901;909
897;911
894;919
878;916
869;913
861;902
858;897
846;892
845;873
843;870
835;873
835;858
825;854
819;857
804;858
795;848
789;845
787;842
785;833
782;830
779;831
766;817
764;809
759;805
747;816
742;816
741;829
744;836
733;836
721;833
712;828
713;823
702;823
696;831
670;832
663;834;sl
644;840
661;775
688;761
672;667
704;633
732;601
730;565
773;546
799;451
811;440
868;402
939;347
950;334
985;333
1075;353
1123;302
1140;270
1147;251
1206;241
1253;256
1303;259
1329;257
1406;269
1436;261
1450;260
1515;281
1568;292
1589;306
1597;335
1580;485
1641;479
qst;coaFinmark##medium#finnmark.png#What county is represented by this coat-of-arms?#Hvilket fylke bruker dette våpenskjoldet?#spn#fra#ger#overridingHint1#overridingHint2
inf;UnDefRegion;FinnmarkNU#Finnmark;10;notUsed;Finnmarks coat of arms#Finnmarks våpenskjold#spn5#fra5#;defaulthint1#defaulthint2
901;1111;st
870;1095
856;1086
840;1074
801;1082
789;1106
785;1120
802;1140
810;1144
815;1165
815;1168
772;1161
764;1185
720;1213
760;1233
780;1265
784;1308
781;1331
774;1348
809;1350
800;1391
800;1401
689;1404
654;1424
624;1416
602;1441
585;1429
564;1440
538;1455
526;1470
482;1491
471;1516
470;1521
467;1523
461;1525
454;1522
451;1514
442;1509
433;1516
420;1511
413;1508
400;1524
402;1528
396;1532
386;1527
387;1538
389;1549
383;1557
381;1573
379;1581
378;1586
373;1581
374;1572
366;1563
363;1563
357;1554
361;1546
353;1537
363;1522
355;1509
363;1504
367;1494
368;1488
372;1487;sl
366;1472
359;1476
353;1468
352;1452
357;1436
359;1411
373;1375
398;1354
376;1312
368;1281
382;1228
388;1214
397;1187
413;1179
433;1111
439;1076
432;1017
422;1000
440;964;st
442;955
459;925
468;918
501;893
515;882
553;857
603;859
639;837
665;833
693;832
699;828
705;820
712;824
715;831
729;835
741;825
741;817
744;817
758;802
776;826
789;844
809;855
845;854
846;893
862;897
867;913
895;915
904;903
905;911
904;935
910;955
895;962
882;977
872;989
892;1014
907;1025
927;1040
939;1060
939;1068
943;1077
932;1092
921;1098
904;1110;sl
qst;coaTroms##medium#troms.png#What county is represented by this coat-of-arms?#Hvilket fylke bruker dette våpenskjoldet?#spn#fra#ger#overridingHint1#overridingHint2
inf;UnDefRegion;TromsNU#Troms;10;notUsed;Troms coat of arms#Troms våpenskjold#spn#fra#ger;defaulthint1#defaulthint2
604;1441;st
621;1482
650;1528
652;1554
656;1592
655;1597
630;1592
599;1592
576;1591
575;1614
551;1669
568;1740
569;1757
569;1782
548;1795
550;1818
611;1864
614;1874
629;1902
617;1933
612;1952
612;2023
612;2050
602;2088
632;2125
637;2133
608;2185
563;2214
580;2242
610;2284
613;2306
623;2330
643;2375
657;2406
654;2426
663;2458
645;2461
636;2470
622;2475
609;2487
606;2494
600;2493
587;2497
574;2509
566;2515
555;2513
547;2521
546;2530
541;2538
539;2547
545;2554
544;2560
533;2564
535;2569
535;2574
530;2573
522;2578
516;2578
511;2572
507;2572
507;2577
494;2580
490;2588
481;2594
471;2587
466;2586
464;2592
457;2588
452;2581
444;2581
435;2588
436;2572
432;2565
419;2565;sl
409;2504
359;2472
348;2457
345;2393
304;2379
330;2297
275;2248
285;2212
288;2162
358;2071
365;2031
353;1998
150;2022
146;2011
156;1991
187;1926
180;1850
174;1797
187;1771
202;1724
207;1712
221;1697
264;1661
228;1611
222;1583
218;1555
221;1539
237;1492
242;1467
255;1454
281;1413
288;1362
293;1338
305;1330
342;1357
341;1419
355;1435
355;1473
366;1472
372;1486
371;1494
368;1494;st
364;1500
365;1505
357;1510
361;1519
362;1528
355;1540
361;1550
358;1556
374;1571
373;1582
379;1586
379;1575
383;1564
388;1543
381;1527
396;1530
413;1508
428;1513
443;1512
455;1517
458;1523
468;1524
472;1515
478;1492
479;1488
486;1491
520;1477
542;1451
563;1442
584;1428
592;1433
599;1437;sl
qst;coaNordland##medium#nordland.png#What county is represented by this coat-of-arms?#Hvilket fylke bruker dette våpenskjoldet?#spn#fra#ger#overridingHint1#overridingHint2
inf;UnDefRegion;NordlandNU#Nordland;10;notUsed;Nordlands coat of arms#Nordlands våpenskjold#spn#fra#ger;defaulthint1#defaulthint2
662;2458;st
647;2462
644;2462
630;2474
617;2481
604;2487
598;2495
590;2496
584;2501
573;2508
566;2514
555;2513
549;2517
545;2523
546;2528
543;2534
544;2542
539;2544
539;2548
544;2551
546;2557
544;2560
531;2565
536;2571
534;2572
529;2573
521;2578
517;2579
511;2571
507;2575
506;2578
492;2580
486;2592
478;2593
469;2589
466;2586
464;2593
458;2590
451;2581
437;2587
436;2572
430;2566;sl
411;2570
403;2590
363;2636
345;2650
337;2664
336;2700
339;2708
313;2739
375;2799;st
384;2800
393;2801
400;2799
406;2801
405;2808
411;2812
422;2811
434;2810
439;2826
429;2841
438;2852
445;2851
449;2870
445;2875
451;2879
451;2895
449;2899
445;2909
444;2924
446;2943
445;2959
432;2985
435;3004
454;3015
478;2996
486;2997
493;2993
508;2995
520;2993
524;3004
529;3014
543;3014
565;2998
590;2992
604;3000
622;3012
642;2999
650;2994
660;2992
662;2992
646;2977
644;2920
637;2911
626;2898
633;2873
631;2866
635;2791
649;2761
673;2739
698;2732
730;2725
755;2722
753;2672
742;2653
719;2616
712;2612
692;2616
661;2609
658;2591
664;2459;sl
qst;coaNTr##medium#nordTrondelag.png#What county is represented by this coat-of-arms?#Hvilket fylke bruker dette våpenskjoldet?#spn#fra#ger#overridingHint1#overridingHint2
inf;UnDefRegion;NordTrondelagNU#Nord-Trøndelag;10;notUsed;Nord-Trøndelags coat of arms#Nord-Trøndelags våpenskjold#spn#fra#ger;defaulthint1#defaulthint2
663;2993;st
697;3022
694;3051
717;3080
723;3111
772;3160
767;3163
763;3171
749;3166
720;3172
718;3182
717;3185
710;3180
700;3184
680;3170
670;3169
663;3167
659;3166
656;3168
649;3161
640;3155
632;3146
623;3149
606;3149
596;3157
590;3166
583;3166
580;3171
577;3173
558;3176
545;3180
534;3189
533;3202
535;3209
532;3215
534;3221
555;3246
545;3259
548;3268
545;3273
537;3273
537;3276
542;3280
543;3284
539;3293
535;3292
527;3303
503;3302
465;3307
469;3287
464;3282
462;3268
462;3260
455;3256
449;3260
432;3250
423;3249
413;3242
416;3235
424;3227
436;3218
445;3207
450;3199
451;3189
443;3179
438;3173
437;3171
439;3160
439;3156
444;3149
437;3150
434;3151
427;3145
421;3136
421;3130
416;3123
418;3120
410;3122
405;3121
401;3116
399;3123
391;3125
387;3135
392;3140
390;3145
382;3148
378;3156
373;3153
369;3160
366;3158
363;3162
358;3160
358;3156
351;3153
353;3138
346;3134
342;3110
322;3100;sl
316;3097
290;3134
275;3129
251;3105
246;3071
241;3027
254;3005
269;2964
370;2798
375;2797;st
384;2800
393;2801
400;2799
406;2801
405;2808
411;2812
422;2811
434;2810
439;2826
429;2841
438;2852
445;2851
449;2870
445;2875
451;2879
451;2895
449;2899
445;2909
444;2924
446;2943
445;2959
432;2985
435;3004 
445;3010;sl 
454;3015
478;2996
486;2997
493;2993
508;2995
520;2993;st
524;3004
529;3014
543;3014
565;2998
590;2992
604;3000
622;3012
642;2999
650;2994
660;2992
662;2992;sl
qst;coaStr##medium#sorTrondelag.png#What county is represented by this coat-of-arms?#Hvilket fylke bruker dette våpenskjoldet?#spn#fra#ger#overridingHint1#overridingHint2
inf;UnDefRegion;SorTrondelagNU#Sør-Trøndelag;10;notUsed;Coat-of-arms for Sør-Trøndelag#Sør-Trøndelags våpenskjold#spn#fra#ger;defaulthint1#defaulthint2
540;3292;st
537;3301
538;3313
533;3315
533;3321
545;3327
556;3324
564;3324
578;3332
575;3339
575;3344
585;3356
584;3365
590;3361
603;3359
603;3354
605;3351
619;3354
621;3363
621;3383
622;3385
634;3384
646;3382
664;3386
665;3377
666;3372
673;3361
684;3365
693;3382
708;3403
711;3405
711;3411
740;3436
747;3443
741;3454
741;3463
740;3474
741;3485
741;3489
736;3499
736;3508
759;3512
765;3516
775;3530
779;3543
796;3546
803;3544
816;3548
818;3550
832;3550
844;3560
854;3565
859;3574
870;3578
876;3579
889;3589
892;3592
898;3597
904;3597
913;3603
919;3601
924;3619
931;3625
945;3630
952;3627
959;3636
961;3634
964;3639
967;3644
965;3650
972;3655
972;3662
976;3664
984;3673
985;3664
992;3654
997;3653
1005;3649
1010;3649
1012;3638
1019;3626
1019;3612
1024;3605
1022;3592
1016;3571
1000;3548
1001;3542
1002;3527
987;3502
973;3494
967;3484
948;3473
935;3456
928;3447
905;3427
911;3420
916;3415
920;3408
936;3402
943;3396
938;3378
940;3363
932;3328
894;3308
881;3300
868;3306
867;3308
857;3301
847;3300
825;3290
785;3175
783;3171
767;3163
763;3171
749;3166
720;3172
718;3182
717;3185
710;3180
700;3184
680;3170
670;3169
663;3167
659;3166
656;3168
649;3161
640;3155
632;3146
623;3149
606;3149
596;3157
590;3166
583;3166
580;3171
577;3173
558;3176
545;3180
534;3189
533;3202
535;3209
532;3215
534;3221
555;3246
545;3259
548;3268
545;3273
537;3273
537;3276
542;3280
543;3284
539;3293;sl
qst;coaHedmark##medium#hedmark.png#What county is represented by this coat-of-arms?#Hvilket fylke bruker dette våpenskjoldet?#spn#fra#ger#overridingHint1#overridingHint2
inf;UnDefRegion;HedmarkNU#Hedmark;10;notUsed;Coat-of-arms for Hedmark#Hedmarks våpenskjold#spn#fra#ger;defaulthint1#defaulthint2
842;3559;st
854;3565
858;3574
873;3579
878;3578
887;3588
893;3592
896;3598
901;3596
909;3601
917;3602
921;3613
929;3625
948;3629
953;3628
958;3635
963;3636
964;3641
969;3643
967;3651
974;3656
973;3662
985;3672
985;3674
988;3675
996;3678
997;3682
986;3685
984;3690
980;3698
982;3707
981;3715
978;3717
978;3724
974;3727
976;3734
973;3738
970;3734
970;3729
965;3725
958;3725
953;3722
950;3717
944;3714
938;3716
932;3717
938;3725
940;3732
937;3735
931;3735
922;3735
914;3742
915;3748
918;3752
916;3759
912;3763
914;3770
913;3774
909;3777
914;3791
910;3797
906;3798
901;3793
896;3790
896;3785
890;3774
886;3769
885;3765
875;3762
869;3754
864;3749
855;3753
847;3755
841;3753
839;3747
836;3742
839;3739
836;3735
837;3730
836;3728
830;3725
830;3721
833;3715
832;3704
838;3705
844;3709
851;3705
857;3712
863;3719
867;3723
872;3720
875;3723
883;3728
892;3727
896;3728
894;3723
898;3720
890;3711
888;3701
888;3696
883;3690
878;3693
871;3689
867;3687
865;3683
860;3680
855;3677
856;3673
850;3672
844;3674
843;3670
851;3666
849;3660
846;3655
845;3649
844;3639
843;3632
846;3619
839;3612
829;3610
814;3616
816;3610
813;3607
809;3607
810;3598
810;3597
816;3601
834;3597
834;3592
845;3578
841;3561;sl
qst;coaAkershus##medium#akershus.png#What county is represented by this coat-of-arms?#Hvilket fylke bruker dette våpenskjoldet?#spn#fra#ger#overridingHint1#overridingHint2
inf;UnDefRegion;AkershusNU#Akershus;10;notUsed;Coat-of-arms for Akershus#Akershus våpenskjold#spn#fra#ger;defaulthint1#defaulthint2
838;3683;st
839;3677
843;3674
851;3674
854;3674
858;3679
863;3683
870;3689
879;3694
884;3693
889;3707
898;3718
895;3725
890;3732
884;3731
877;3724
873;3719
867;3724
860;3717
859;3713
857;3710
849;3707
846;3709
837;3703
838;3696
841;3689
838;3685;sl
qst;coaOslo##easy#oslo.png#What county is represented by this coat-of-arms?#Hvilket fylke bruker dette våpenskjoldet?#spn#fra#ger#overridingHint1#overridingHint2
inf;UnDefRegion;OsloNU#Oslo;10;notUsed;Coat-of-arms for Oslo#Oslos våpenskjold#spn#fra#ger;defaulthint1#defaulthint2
933;3717;st
937;3726
940;3733
935;3737
923;3736
915;3742
914;3747
919;3753
915;3762
913;3774
909;3779
915;3793
911;3799
908;3797
903;3793;sl
896;3790
896;3806
896;3810
909;3822
912;3832
924;3848
934;3856
938;3871
967;3872
986;3880
993;3869;st
993;3862
992;3850
1001;3840
1006;3834
1017;3843
1030;3853
1037;3871
1045;3869
1045;3865
1049;3864
1055;3855
1052;3842
1048;3831
1050;3816
1046;3814
1039;3796
1039;3787
1040;3784
1031;3771
1028;3767
1021;3763
1019;3756
1016;3756
1007;3741
997;3732
993;3726
994;3719
998;3713
1004;3709
1002;3700
1006;3695
1003;3689
1000;3686
997;3678
987;3684
983;3693
979;3701
982;3712
978;3720
974;3728
977;3734
972;3738
968;3729
966;3722
958;3725
951;3724
950;3717
944;3714
937;3715;sl
qst;coaOstfold##medium#ostfold.png#What county is represented by this coat-of-arms?#Hvilket fylke bruker dette våpenskjoldet?#spn#fra#ger#overridingHint1#overridingHint2
inf;UnDefRegion;OstfoldNU#Østfold;10;notUsed;Coat-of-arms for Østfold#Østfolds våpenskjold#spn#fra#ger;defaulthint1#defaulthint2
465;3306;st
526;3305
536;3292
539;3294
536;3313
532;3316
533;3321
543;3328
557;3324
572;3327
578;3331
576;3336
575;3345
583;3352
585;3364
591;3363
603;3360
602;3355
605;3351
615;3354
619;3353
621;3383
623;3386
630;3385
636;3385
647;3381
662;3385
665;3386
664;3377
666;3371
673;3362
682;3366
689;3376
691;3384
696;3386
699;3393
709;3405
710;3411
723;3419
743;3441
747;3446
740;3454
741;3464
737;3475
741;3486
736;3495
734;3501
731;3505
738;3512
751;3511
766;3520
771;3525
776;3529
779;3542
787;3545
799;3545
805;3546
817;3549
831;3551
842;3559
843;3570
845;3577
840;3585
833;3592
833;3596
825;3599
817;3601
810;3599
810;3606
815;3609
812;3616
833;3610
841;3614
846;3620
843;3633
845;3647
847;3658
850;3663
851;3668
844;3673
837;3682
835;3676
825;3673
807;3671
798;3671
795;3666
791;3663
783;3655
774;3651
760;3630
755;3624
749;3623
734;3609
721;3613
721;3616
727;3621
722;3629
719;3629
719;3635
726;3647
732;3652
721;3655
706;3656
702;3648
694;3653
691;3656
682;3654
678;3648
678;3643
671;3642
667;3637
658;3632
658;3628
653;3621
648;3620
643;3620
626;3618
608;3618
603;3617
599;3613
582;3616
571;3616
567;3614
563;3611
554;3608
548;3607
542;3609
536;3610
529;3608
524;3603
519;3609
503;3607
496;3601
488;3591
480;3589
487;3574
490;3567
493;3560
488;3555
481;3553
477;3549
473;3545
473;3540
484;3536
487;3526
480;3522
473;3517
464;3518
463;3525
453;3526
442;3526
430;3515
425;3509
422;3503
423;3497
404;3496
397;3503
388;3508
383;3513
378;3507
365;3498
361;3494
358;3493
354;3484
348;3477
346;3470
341;3465
336;3463
334;3458
334;3445
350;3435
349;3430
349;3427
355;3421
355;3411
364;3403
370;3404
381;3401
383;3377
382;3368
386;3361
386;3355
392;3347
412;3333
435;3320
450;3319
453;3315
460;3312;sl
qst;coaOppland##medium#oppland.png#What county is represented by this coat-of-arms?#Hvilket fylke bruker dette våpenskjoldet?#spn#fra#ger#overridingHint1#overridingHint2
inf;UnDefRegion;OpplandNU#Oppland;10;notUsed;Coat-of-arms for Oppland#Opplands våpenskjold#spn#fra#ger;defaulthint1#defaulthint2
337;3464;st
343;3467
348;3477
354;3485
357;3493
371;3502
379;3509
381;3514
391;3506
403;3497
412;3494
422;3497
423;3501
427;3515
438;3522
440;3528
460;3525
464;3518
474;3518
480;3524
486;3530
483;3537
476;3538
473;3546
480;3551
484;3556
491;3557
492;3563
487;3569
486;3579
481;3588
487;3596
500;3603
503;3608
518;3609
518;3615
526;3618
525;3621
522;3624
525;3632
517;3635
516;3655
510;3656
505;3659
498;3657
493;3663
495;3680
501;3696
500;3702
492;3704
486;3718
482;3725
467;3730
457;3731
453;3738
442;3738
434;3740
426;3732
418;3734
415;3722
403;3729
397;3726
398;3719
399;3712
395;3710
392;3712
386;3711
382;3708
377;3711
380;3714
380;3719
377;3720
374;3728
370;3727
366;3723
363;3721
362;3728
356;3728
351;3740
339;3739
332;3734
327;3733
321;3731
311;3723
306;3733
301;3738
306;3748
302;3750
294;3748
290;3750
289;3756
280;3755
278;3756
273;3770
267;3772
260;3782
249;3779
244;3790
242;3794
245;3799
242;3804
244;3808;sl
244;3814
232;3814
225;3818
211;3822
202;3825
194;3822
187;3826
184;3829
178;3800
173;3791
164;3763
144;3744
165;3698
150;3688
132;3686
121;3659
114;3635
109;3621
112;3594
107;3577
105;3540
101;3538
104;3529
112;3521
128;3529
136;3537
139;3541
142;3541
150;3543
154;3544
156;3548;st
157;3555
159;3564
164;3560
171;3562
180;3554
184;3553
187;3547
193;3549
200;3541
204;3536
216;3538
225;3532
225;3526
229;3521
234;3522
244;3524
249;3518
248;3510
253;3507
254;3497
262;3491
267;3487
277;3493
286;3499
291;3499
300;3492
310;3484
313;3477
317;3473
323;3467
330;3463;sl
qst;coaSogF##medium#sognOgFjordane.png#What county is represented by this coat-of-arms?#Hvilket fylke bruker dette våpenskjoldet?#spn#fra#ger#overridingHint1#overridingHint2
inf;UnDefRegion;SofNU#Sogn og fjordane;10;notUsed;Coat-of-arms for Sogn og fjordane#Sogn og fjordanes våpenskjold#spn#fra#ger;defaulthint1#defaulthint2
337;3463;st
333;3459
336;3448
343;3439
349;3441
355;3435
347;3430
350;3428
352;3420
356;3410
365;3405
371;3406
380;3399
382;3369
385;3364
386;3357
397;3342
404;3339
438;3317
452;3315
460;3310
464;3303
468;3304
468;3287
465;3282
462;3268
462;3260
455;3257
448;3261
439;3255
432;3250
426;3249
415;3246
415;3241
416;3233
420;3232
424;3226
431;3222
434;3216
442;3210
450;3199
449;3189
445;3180
437;3172
437;3163
440;3157
434;3150
424;3146
426;3143
420;3134
420;3130
415;3123
414;3119
408;3121
406;3121
399;3117
397;3123
390;3123
386;3136
392;3142
388;3147
383;3148
375;3155
371;3154
370;3159
367;3160
363;3162
356;3161
353;3154
351;3150
353;3139
345;3134
344;3122
343;3109
334;3107
324;3103
322;3101;sl
317;3096
305;3110
298;3120
288;3134
276;3129
267;3121
255;3117
234;3119
231;3141
229;3151
239;3218
211;3269
199;3288
189;3306
168;3325
152;3379
144;3422
124;3467
124;3480
122;3490
121;3516
121;3525
131;3532
137;3538
142;3541
148;3542
154;3543;st
158;3550
160;3561
160;3564
163;3560
170;3560
182;3552
186;3549
192;3549
202;3537
211;3536
217;3538
225;3533
225;3526
227;3519
232;3518
233;3523
238;3523
242;3520
245;3525
249;3517
248;3510
253;3506
254;3498
258;3492
265;3492
266;3487
270;3489
274;3491
285;3498
287;3501
292;3501
297;3493
309;3485
311;3477
317;3473
321;3467
326;3468
333;3465;sl
qst;coaMogR##medium#moreOgRomsdal.png#What county is represented by this coat-of-arms?#Hvilket fylke bruker dette våpenskjoldet?#spn#fra#ger#overridingHint1#overridingHint2
inf;UnDefRegion;morNU#Møre og romsdal;10;notUsed;Coat-of-arms for Møre og romsdal#Møre og romsdals våpenskjold#spn#fra#ger;defaulthint1#defaulthint2
518;3614;st
523;3603
532;3609
545;3609
559;3608
567;3612
567;3615
583;3616
595;3614
605;3618
618;3618
627;3618
636;3618
641;3620
650;3619
654;3623
659;3628
659;3632
663;3636
667;3635
669;3641
674;3643
678;3642
680;3646
679;3651
683;3655
691;3655
703;3647
707;3656
718;3655
724;3655
731;3652
724;3640
719;3633
723;3627
725;3620
722;3614
732;3609
740;3613
750;3624
755;3624
766;3637
775;3651
780;3654
792;3663
798;3668
803;3676
807;3672
820;3675
837;3677
837;3683
840;3688
838;3703
831;3706
833;3717
830;3726
838;3730
838;3740
838;3742
841;3748
846;3754
859;3752
866;3750;sl
871;3757
873;3762
878;3763
883;3765
887;3772
894;3782
895;3791
897;3809
882;3808 
877;3806;st
874;3791
868;3780
859;3773
854;3773
853;3780
843;3786
836;3789
836;3797
831;3799
826;3797
827;3807
825;3812
826;3817
848;3827
848;3831
845;3834
840;3833
838;3839
833;3842
827;3842
822;3847
827;3855
814;3862
806;3854
799;3852
792;3857
791;3843
787;3843
769;3828
769;3824
764;3821
757;3823
755;3815
753;3806
749;3805
731;3804
724;3789
720;3784
716;3786
708;3785
703;3783
698;3785
687;3767
653;3759
648;3765
642;3768
633;3773
611;3784
602;3785
589;3795
585;3804
578;3813
575;3818
559;3823
552;3827
543;3836
544;3818
543;3809
541;3798
541;3790
537;3778
532;3765
528;3755
527;3750
526;3744
520;3742
514;3741
506;3731
504;3727
497;3725
487;3727
483;3728
486;3720
489;3711
491;3705
500;3703
499;3689
495;3681
494;3673
494;3664
498;3658
500;3657
505;3658
518;3654
518;3633
520;3631
524;3633
527;3630
526;3627
523;3624
526;3621
527;3617
525;3614
522;3614;sl
qst;cocBuskerud##medium#buskerud.png#What county is represented by this coat-of-arms?#Hvilket fylke bruker dette våpenskjoldet?#spn#fra#ger#overridingHint1#overridingHint2
inf;UnDefRegion;BuskerudNU#Buskerud;10;notUsed;Coat-of-arms for Buskerud#Buskeruds våpenskjold#spn#fra#ger;defaulthint1#defaulthint2
543;3838;st
553;3826
575;3818
585;3804
589;3795
604;3785
611;3785
648;3765
654;3759
688;3767
698;3785
702;3783
709;3786
717;3786
721;3784
732;3804
753;3805
757;3823
765;3821
769;3823
768;3827
779;3836
786;3841
791;3843
792;3857
800;3853
805;3854
814;3861
816;3862
827;3854
831;3862
835;3868
834;3874
842;3875
851;3880
854;3885
854;3888
861;3893
857;3898
860;3905
866;3911
866;3917
869;3920
865;3925
866;3932;sl
867;3945
867;3961
865;3971
852;3995
849;3995;st
843;3995
841;3996
838;3994
830;3997
825;3987
822;3983
806;3982
798;3976
794;3972
791;3972
789;3975
782;3979
778;3979
777;3984
774;3990
777;3994
784;3994
786;4000
783;4002
786;4007
786;4010
785;4011
780;4010
777;4009
774;4010
764;4004
760;4003
756;4006
755;4013
753;4016
744;4015
734;4019
725;4013
715;4014
712;4023
699;4027
695;4025
691;4020
684;4018
674;4010
668;4006
657;4002
654;3993
654;3987
641;3977
633;3968
628;3973
624;3968
616;3964
615;3958
617;3951
608;3944
602;3942
598;3938
598;3933
598;3930
596;3927
592;3927
586;3923
582;3922
579;3925
578;3931
560;3930
553;3930
545;3932
541;3928
539;3925
541;3922
539;3917
535;3916
536;3904
536;3903
534;3896
532;3893
531;3880
533;3868
536;3866
545;3854
542;3841;sl
qst;coaTelemark##medium#telemark.png#What county is represented by this coat-of-arms?#Hvilket fylke bruker dette våpenskjoldet?#spn#fra#ger#overridingHint1#overridingHint2
inf;UnDefRegion;TelemarkNU#Telemark;10;notUsed;Coat-of-arms for Telemark#Telemarks våpenskjold#spn#fra#ger;defaulthint1#defaulthint2
827;3854;st
821;3848
826;3841
833;3842
837;3841
840;3835
845;3834
848;3829
828;3817
824;3811
826;3806
825;3797
830;3798
836;3795
836;3788
843;3787
846;3782
852;3782
855;3775;sl
857;3772
865;3777
869;3782
872;3789
875;3796
879;3807
896;3810
902;3819
916;3835
924;3850
934;3873
939;3891
919;3904
914;3914
907;3920
895;3928
886;3934
874;3942
869;3936
867;3933;st
865;3925
869;3920
866;3917
866;3911
861;3906
859;3903
857;3898
861;3893
854;3887
854;3882
842;3875
835;3874
834;3867
831;3861
829;3857;sl
qst;coaVestfold##medium#vestfold.png#What county is represented by this coat-of-arms?#Hvilket fylke bruker dette våpenskjoldet?#spn#fra#ger#overridingHint1#overridingHint2
inf;UnDefRegion;VestfoldNU#Vestfold;10;notUsed;Coat-of-arms for Vestfold#Vestfolds våpenskjold#spn#fra#ger;defaulthint1#defaulthint2
559;3930;st
550;3938
548;3942
550;3950
549;3954
545;3957
549;3970
550;3973
557;3976
558;3979
556;3983
550;3992
556;3996
553;4002
554;4009
556;4015
558;4022
565;4034
570;4040
575;4038
578;4037
579;4033
595;4030
602;4028
607;4032
606;4038
610;4050
615;4054
618;4059
611;4062
614;4065
620;4070
622;4074
623;4079
621;4083
618;4087
623;4088
623;4094
623;4098
635;4092
635;4087
643;4083
652;4072
656;4073
664;4066
673;4065
679;4072
687;4078
687;4086
691;4091
691;4097
685;4099
684;4103
689;4110
699;4112
699;4122
695;4128
701;4136
707;4141
714;4136
719;4137
720;4132
727;4130
730;4129
732;4136
744;4137
749;4143
759;4147
757;4141
758;4136
759;4131
764;4138
770;4142
769;4148
776;4146
779;4144
782;4146
789;4149
790;4156
788;4163
792;4168
796;4167;sl
801;4173
811;4147
819;4131
828;4107
835;4076
841;4041
846;4020
852;3996
852;3995;st
845;3994
841;3996
839;3993
831;3997
822;3983
807;3982
794;3972
792;3971
789;3975
784;3978
782;3979
778;3979
778;3983
774;3990
777;3993
784;3994
786;4001
782;4001
785;4005
785;4012
780;4010
772;4010
760;4003
755;4008
756;4013
753;4016
743;4016
734;4019
726;4014
715;4014
712;4023
699;4027
693;4022
691;4020
684;4018
669;4006
657;4001
654;3993
655;3987
638;3974
633;3968
628;3974
626;3969
616;3963
615;3955
617;3951
608;3943
603;3943
598;3938
598;3928
590;3925
583;3921
579;3926
579;3931
562;3930;sl
qst;coaAustA##medium#austAgder.png#What county is represented by this coat-of-arms?#Hvilket fylke bruker dette våpenskjoldet?#spn#fra#ger#overridingHint1#overridingHint2
inf;UnDefRegion;aaNU#Aust-Agder;10;notUsed;Coat-of-arms for Aust-Agder#Aust-Agders våpenskjold#spn#fra#ger;defaulthint1#defaulthint2
579;4037;st
576;4044
576;4046
581;4049
580;4056
576;4068
575;4080
571;4086
572;4100
569;4104
573;4110
575;4119
578;4132
584;4132
594;4141
590;4148
583;4154
581;4159
590;4160
600;4158
607;4168
610;4180
616;4184
618;4189
615;4192
621;4198
623;4204
622;4212
617;4220
613;4225
609;4231;sl
610;4235
626;4236
640;4252
653;4258
681;4250
702;4253
716;4245
741;4235
757;4231
767;4221
774;4210
786;4191
801;4174
798;4168;st
792;4168
789;4165
788;4162
790;4159
789;4150
782;4146
780;4144
775;4147
770;4149
770;4141
764;4137
759;4131
758;4137
758;4141
760;4148
753;4144
749;4144
744;4137
733;4136
730;4130
721;4132
719;4137
714;4136
708;4141
706;4141
695;4130
695;4128
699;4124
699;4113
690;4110
685;4105
685;4100
691;4096
690;4090
687;4086
687;4079
681;4073
677;4070
675;4065
667;4066
660;4070
657;4072
652;4071
647;4079
643;4082
634;4087
635;4093
623;4098
623;4088
618;4086
623;4080
623;4073
620;4070
612;4063
611;4062
617;4059
616;4055
612;4052
609;4047
606;4040
607;4032
602;4029
598;4029
590;4032
579;4033;sl
qst;codVestA##medium#vestAgder.png#What county is represented by this coat-of-arms?#Hvilket fylke bruker dette våpenskjoldet?#spn#fra#ger#overridingHint1#overridingHint2
inf;UnDefRegion;vaNU#Vest-Agder;10;notUsed;Coat-of-arms for Vest-Agder#Vest-Agders våpenskjold#spn#fra#ger;defaulthint1#defaulthint2
483;3724;st
483;3729
498;3725
504;3726
513;3740
514;3741
526;3744
529;3757
537;3779
540;3787
542;3801
544;3813
543;3830
543;3837
542;3847
546;3854
539;3864
532;3869
532;3890
534;3901
537;3904
536;3915
528;3921
524;3927
512;3944
511;3947
502;3952
498;3946
499;3939
495;3934
494;3928
489;3925
485;3929
477;3932
474;3935
472;3941
471;3947
462;3954
462;3962
462;3967
464;3971
462;3976
463;3987
468;3996
464;3999
458;3999
449;4005
440;4005
430;4003
425;4005
423;4004
417;3996
411;4002
404;4002
400;3998
396;3994
394;3996
398;4007
401;4017
403;4025
407;4030
409;4033
409;4041
407;4043
404;4045
401;4048
398;4054
396;4059
386;4058
383;4058;sl
378;4061
365;4049
360;4052
350;4031
334;4006
328;3993
311;3975
298;3950
270;3919
237;3881
220;3861
200;3838
198;3830
210;3823
224;3817
236;3813
245;3815
245;3808;st
242;3802
244;3798
243;3794
244;3786
248;3783
250;3779
259;3782
266;3773
272;3770
276;3758
280;3756
290;3756
290;3750
295;3749
303;3750
306;3747
301;3738
307;3733
312;3724
320;3730
324;3733
332;3734
340;3740
351;3740
356;3731
356;3728
362;3728
363;3728
364;3722
372;3727
375;3727
378;3721
380;3718
380;3713
378;3711
382;3708
388;3712
392;3711
396;3710
399;3713
399;3720
398;3726
403;3730
415;3722
418;3733
427;3733
434;3739
444;3738
454;3737
458;3730
468;3730
479;3725;sl
qst;codHor##medium#hordaland.png#What county is represented by this coat-of-arms?#Hvilket fylke bruker dette våpenskjoldet?#spn#fra#ger#overridingHint1#overridingHint2
inf;UnDefRegion;HordalandNU#Hordaland;10;notUsed;Coat-of-arms for Hordaland#Hordalands våpenskjold#spn#fra#ger;defaulthint1#defaulthint2
537;3915;st
543;3924
546;3930
559;3930
551;3937
550;3938
551;3950
550;3954
545;3957
548;3968
551;3973
557;3976
558;3980
550;3992
556;3996
554;4002
554;4009
558;4022
570;4039
579;4036
576;4046
581;4050
579;4059
576;4069
575;4075
574;4082
572;4086
571;4100
569;4104
574;4111
578;4130
579;4131
584;4132
594;4141
591;4147
582;4155
581;4159
590;4160
601;4159
607;4168
610;4180
617;4185
618;4189
615;4191
622;4199
623;4212
609;4231;sl
609;4236
566;4231
545;4229
505;4214
476;4187
471;4163
464;4157
440;4137
409;4135
400;4109
385;4088
373;4081
377;4061
382;4058;st
386;4057
396;4059
401;4048
409;4042
409;4032
403;4025
394;3996
396;3994
404;4002
412;4002
418;3996
423;4004
427;4005
435;4003
451;4005
459;3999
466;3999
469;3996
463;3986
463;3975
465;3972
462;3967
461;3954
472;3948
473;3940
475;3933
479;3931
485;3930
490;3925
495;3929
496;3934
498;3939
499;3948
503;3953
512;3948
512;3943
529;3921
534;3916;sl
qst;codRogaland##medium#rogaland.png#What county is represented by this coat-of-arms?#Hvilket fylke bruker dette våpenskjoldet?#spn#fra#ger#overridingHint1#overridingHint2
inf;UnDefRegion;RogalandNU#Rogaland;10;notUsed;Coat-of-arms for Rogaland#Rogalands våpenskjold#spn#fra#ger;defaulthint1#defaulthint2