1538;441
1570;493
1562;496
1550;498
1527;504
1510;507
1509;490
1490;492
1468;495
1461;502
1452;498
1441;499
1425;500
1411;504
1397;506
1387;503
1378;487
1383;482
1392;481
1406;480
1427;481
1434;474
1442;474
1458;470
1471;466
1485;462
1497;459
1503;458
1514;456
1524;451
inf;Fjord;Varangerfjorden;10;medium;95 km long ending at Varangerbotn. Location: Finnmark county#95 km lang og strekker seg inn til Varangerbotn. Lokasjon: Finnmark fylke#spn#fra#ger
624;954
650;953
650;961
653;965
651;975
656;978
660;985
665;992
658;998
665;1000
670;1009
675;1022
673;1031
680;1036
697;1042
707;1049
713;1049
725;1050
725;1054
715;1057
707;1056
700;1054
686;1046
682;1046
680;1055
684;1066
686;1079
690;1097
692;1106
695;1110
696;1115
687;1116
682;1129
679;1140
677;1158
673;1162
672;1148
671;1140
666;1135
676;1117
676;1106
671;1091
676;1090
676;1083
671;1083
668;1075
665;1068
660;1060
666;1056
668;1044
664;1039
657;1038
652;1033
648;1020
643;1007
640;990
637;980
635;970
623;958
inf;Fjord;Lyngen;10;hard;121 km long. From Sørklubben to Melen furthes in. Location: Troms county#121 km lang fra Sørklubben i nord til Melen lengst inn. Lokasjon: Troms#spn#fra#ger
530;1133
536;1121
548;1133
558;1146
561;1155
570;1156
581;1167
587;1167
600;1159
612;1163
620;1168
627;1179
634;1186
643;1192
629;1196
621;1204
616;1204
612;1200
612;1190
614;1178
606;1170
590;1180
577;1178
570;1173
564;1164
559;1164
549;1156
546;1152
542;1155
540;1150
541;1146
530;1133
inf;Fjord;Balsfjorden;10;hard;29 km long. Location: Troms county. Balsfjord municipality#49 km lang. Lokasjon: Troms fylke. Balsfjord kommune#spn#fra#ger
439;1616
447;1599
458;1599
469;1595
475;1598
475;1604
481;1602
490;1604
505;1608
493;1612
492;1622
492;1633
498;1625
507;1625
514;1628
526;1634
522;1634
512;1639
502;1635
499;1650
505;1652
518;1649
516;1661
525;1664
523;1670
513;1670
520;1674
521;1681
512;1681
495;1668
504;1680
506;1693
532;1695
538;1699
543;1708
530;1707
514;1701
503;1705
494;1686
484;1676
483;1672
468;1666
463;1648
457;1632
449;1636
448;1625
inf;Fjord;Tysfjorden;10;hard;Norways second deepest (892 meters). Location: Nordland county#Norges nest dypeste på 897m. Lokasjon: Nordland fylke#spn#fra#ger
432;1574
454;1580
452;1571
464;1563
474;1550
487;1541
501;1542
507;1550
512;1552
524;1539
525;1533
533;1527
541;1528
541;1520
545;1512
550;1498
560;1493
571;1491
590;1490
600;1485
587;1484
577;1482
562;1478
555;1483
553;1469
544;1464
541;1469
539;1475
535;1482
531;1496
522;1506
511;1513
514;1504
498;1498
493;1504
490;1515
490;1520
465;1536
458;1532
453;1536
450;1543
453;1548
450;1556
443;1557
437;1562
433;1570
inf;Fjord;Ofotfjorden;10;medium;Norland countys longest. Extends from Vestfjorden#Den lengste i Nordland fylke. Fortsettelse av Vestfjorden#spn#fra#ger
373;3012
377;3025
386;3016
391;3008
396;3016
407;3023
411;3030
417;3034
429;3038
435;3039
439;3057
433;3072
438;3073
447;3059
453;3058
470;3058
473;3047
460;3047
450;3044
451;3039
457;3024
473;3017
488;3015
500;3005
520;3003
527;2986
521;2983
513;2987
504;2981
515;2967
509;2955
506;2956
490;2980
490;2963
496;2957
501;2938
508;2930
513;2931
524;2923
526;2917
521;2907
537;2900
542;2894
532;2882
521;2884
512;2880
498;2895
495;2886
506;2861
523;2843
513;2835
492;2846
487;2839
483;2841
490;2852
487;2862
482;2865
475;2890
461;2911
461;2917
471;2911
480;2892
489;2893
494;2902
492;2906
494;2927
474;2951
470;2965
460;2987
446;2999
441;3018
426;3023
416;3010
407;3011
403;3004
398;2992
418;2970
407;2960
394;2972
391;2983
381;2994
377;3003
372;3005
inf;Fjord;Trondheimsfjorden;10;easy;Norways third longest. 126 km from Agdenes to Steinkjer#Norges tredje lengste med sine 126 km fra Agdenes til Steinkjer#spn#fra#ger
276;3427
280;3426
286;3441
291;3446
289;3461
296;3461
300;3460
302;3452
306;3450
311;3451
311;3453
306;3452
304;3458
301;3462
295;3465
289;3464
286;3471
284;3473
283;3469
284;3460
286;3452
286;3447
282;3440
276;3429
inf;Fjord;Geirangerfjorden;10;medium;15 km long. Is a smaller part of storfjorden. Location: Møre og Romsdal#15 km lang og utgjør en arm av storfjorden. Lokasjon: Møre og Romsdal#spn#fra#ger
211;3745
218;3764
226;3759
239;3756
243;3762
255;3757
259;3744
269;3730
272;3731
281;3719
289;3716
294;3712
305;3710
319;3702
335;3701
348;3699
354;3688
358;3686
356;3669
360;3670
379;3664
388;3672
396;3670
404;3666
402;3662
412;3655
418;3650
418;3642
427;3644
432;3635
436;3624
443;3618
446;3616
448;3609
452;3605
450;3603
444;3604
444;3607
443;3612
432;3620
429;3623
424;3631
421;3637
412;3641
411;3646
401;3652
397;3655
395;3662
390;3662
384;3656
370;3654
366;3659
362;3662
351;3661
343;3663
341;3667
347;3678
343;3686
336;3692
324;3692
312;3691
303;3700
297;3699
291;3701
285;3707
278;3709
267;3713
261;3721
255;3733
249;3745
246;3747
236;3741
228;3749
225;3746
216;3745
inf;Fjord;Sognefjorden;10;medium;Norways longest and also deepest fjord. Location: Sogn og Fjordane#Norges lengste og dypeste fjord. Lokasjon: Sogn og Fjordane#spn#fra#ger
395;3975
386;3970
383;3964
381;3958
380;3951
381;3942
381;3936
388;3939
395;3935
397;3926
394;3915
389;3908
385;3901
388;3898
387;3884
385;3874
398;3873
400;3864
395;3858
396;3853
392;3850
394;3843
397;3841
403;3829
407;3827
412;3819
417;3814
424;3808
434;3810
436;3802
440;3795
445;3789
447;3788
447;3767
450;3766
451;3782
451;3783
457;3780
465;3780
473;3772
477;3771
470;3781
475;3785
476;3788
466;3783
457;3785
449;3792
443;3799
441;3808
439;3817
440;3834
444;3844
446;3852
450;3867
449;3875
444;3866
443;3856
439;3850
438;3841
436;3832
435;3817
421;3815
420;3820
419;3830
410;3839
410;3845
409;3855
405;3857
407;3864
407;3868
407;3873
407;3878
403;3879
402;3886
415;3897
421;3889
420;3881
424;3882
426;3888
409;3909
409;3921
413;3934
405;3943
399;3949
398;3959
402;3969
inf;Fjord;Hardangerfjorden;10;medium;Norways second longest fjord(183 km). Location: Hordaland#Norges nest lengste fjord(183 km). Lokasjon: Hordaland#spn#fra#ger
eof