2618;1481
2616;1485
2615;1492
2612;1496
2613;1499
2610;1498
2607;1502
2608;1504
2610;1510
2612;1511
2609;1514
2612;1529
2612;1537
2623;1539
2623;1545
2612;1557
2629;1564
2644;1563
2649;1565
2651;1563
2660;1562
2675;1557
2673;1556
2674;1552
2674;1546
2681;1539
2686;1540
2691;1539
2689;1538
2688;1536
2692;1535
2695;1532
2697;1533
2701;1533
2705;1535
2708;1531
2707;1524
2710;1521
2709;1520
2711;1518
2710;1515
2717;1514
2720;1512
2719;1510
2718;1508
2715;1506
2714;1503
2715;1502
2720;1503
2729;1503
2729;1499
2727;1495
2731;1491
2734;1490
2735;1491
2735;1486
2735;1482
2733;1479
2730;1474
2733;1471
2735;1469
2738;1468
2741;1466
2743;1464
2748;1463
2755;1462
2760;1462
2762;1464
2769;1461
2767;1459
2767;1458
2772;1457
2769;1455
2764;1455
2760;1457
2757;1457
2759;1455
2754;1454
2747;1459
2744;1461
2738;1464
2736;1465
2734;1463
2733;1459
2735;1448
2730;1448
2731;1443
2727;1439
2724;1442
2722;1445
2718;1447
2719;1452
2715;1453
2712;1452
2709;1456
2710;1457
2707;1459
2703;1456
2693;1462
2692;1459
2687;1457
2685;1458
2682;1455
2674;1456
2669;1453
2665;1457
2660;1457
2656;1459
2657;1463
2654;1466
2654;1471
2649;1473
2648;1475
2646;1474
2638;1477
2639;1479
2637;1481
2637;1483
2632;1486
2629;1486
2628;1488
2627;1484
2621;1483
2619;1481
qst;coaAfghanistan##level3#AfghanistanFlag.png#What county is represented by this flag##spn#fra#ger##
inf;State;Afghanistan;10;level2;Has been affected by many military campaigns, notably by Alexander the Great, Arab Muslims, Genghis Khan, and in the modern-era by Western powers. Capital: Kabul##spn#fra#ger;Asia#Landlocked country in Central Asia
2444;1433;st
2443;1429
2442;1427
2441;1426
2440;1424
2437;1425
2436;1425
2433;1420
2429;1422
2433;1425
2435;1429
2437;1432
2443;1434;sl
inf;UnDefRegion;AzerbaijanSmallNU;10;notUsed;eng#nor#spn#fra#ger
2473;1389
2476;1392
2477;1394
2479;1396
2480;1400
2483;1403
2484;1406
2488;1406
2491;1408
2494;1411
2495;1412
2493;1413
2487;1414
2483;1415
2482;1421
2480;1425
2481;1429
2477;1431
2477;1433
2476;1434
2477;1437
2477;1440;st
2474;1441
2472;1439
2470;1439
2466;1434
2470;1432
2467;1428
2470;1426
2466;1422
2464;1422
2450;1433
2449;1433
2448;1430
2450;1429
2447;1427
2449;1425
2448;1423
2446;1423
2443;1421
2441;1421
2440;1419
2439;1417
2441;1417
2442;1413
2437;1410
2437;1407
2438;1404
2433;1403
2434;1401
2432;1402
2433;1400
2432;1398
2432;1398
2435;1396
2438;1397
2440;1399
2446;1400
2448;1403
2451;1401
2451;1398
2447;1395
2446;1394
2447;1391
2448;1389
2451;1389
2454;1394
2456;1393
2457;1397
2464;1399
2466;1395
2469;1393
2472;1389;sl
qst;coaAzerbaijan##level4#AzerbaijanFlag.png#What county is represented by this flag##spn#fra#ger##
inf;State;Azerbaijan;10;level3;The country was incorporated into the Soviet Union in 1920 as the Azerbaijan Soviet Socialist Republic. Azerbaijan proclaimed its independence in October 1991, before the official dissolution of the USSR. Capital: Baku##spn#fra#ger;Asia#Caspian Sea to the east;;AzerbaijanSmallNU
2927;1604
2924;1606
2923;1608
2922;1611
2924;1610
2927;1614
2929;1614
2930;1614
2930;1616
2932;1618
2930;1618
2926;1618
2926;1622
2923;1622
2922;1623
2921;1624
2923;1628
2927;1629
2929;1629
2930;1633
2927;1637
2930;1639
2929;1642
2932;1644
2931;1647
2931;1652
2933;1657
2932;1660
2934;1660
2941;1658
2944;1661
2945;1662
2948;1660
2951;1661
2953;1658
2955;1656
2956;1658
2958;1656
2959;1654
2960;1653
2962;1656
2964;1662
2964;1665
2966;1666
2967;1670
2970;1673
2969;1667
2971;1665
2974;1666
2973;1657
2972;1652
2973;1650
2970;1646
2971;1643
2971;1637
2967;1637
2965;1640
2965;1644
2962;1645
2961;1643
2959;1645
2958;1642
2957;1638
2959;1633
2960;1631
2962;1628
2968;1628
2968;1626
2969;1623
2972;1622
2971;1620
2968;1619
2966;1618
2962;1619
2958;1618
2952;1620
2948;1619
2944;1617
2941;1617
2942;1614
2942;1614
2941;1612
2942;1608
2942;1606
2940;1606
2939;1608
2936;1608
2933;1604
2932;1603
2931;1604
2929;1605
qst;coaBangladesh##level4#BangladeshFlag.png#What county is represented by this flag##spn#fra#ger##
inf;State;Bangladesh;10;level4;With over 160 million people, among the most densely populated countries. Capital: Dhaka##spn#fra#ger;Asia#Bordered by India
2932;1586
2932;1590
2932;1591
2930;1595
2933;1597
2937;1597
2939;1599
2945;1599
2948;1596
2951;1598
2955;1598
2959;1598
2960;1597
2964;1597
2968;1597
2967;1591
2966;1589
2964;1590
2963;1588
2962;1583
2960;1581
2956;1583
2953;1582
2950;1582
2948;1582
2948;1579
2945;1578
2942;1579
2938;1582
2936;1583
2931;1584
2931;1585
qst;coaBhutan##level5#BhutanFlag.png#What county is represented by this flag##spn#fra#ger##
inf;State;Bhutan;10;level4;The only country to have officially adopted gross national happiness instead of the gross domestic product as the main development indicator. Capital: Thimphu##spn#fra#ger;Asia#Eastern end of the Himalayas
3030;1575
3029;1579
3027;1580
3027;1583
3025;1585
3022;1585
3018;1583
3013;1579
3010;1578
3007;1578
3002;1582
2999;1586
2995;1588
2993;1587
2990;1591
2988;1594
2986;1597
2975;1597
2968;1597
2967;1591
2966;1589
2964;1590
2963;1588
2962;1583
2959;1582
2955;1583
2952;1581
2948;1582
2948;1580
2946;1578
2942;1579
2939;1582
2936;1583
2933;1585
2931;1589
2931;1594
2928;1594
2921;1594
2921;1589
2922;1585
2922;1583
2914;1583
2907;1582
2904;1584
2901;1582
2900;1580
2899;1582
2897;1582
2894;1579
2888;1578
2888;1574
2885;1575
2883;1574
2880;1572
2877;1570
2877;1567
2874;1565
2870;1567
2869;1564
2863;1560
2861;1559
2858;1558
2856;1556
2854;1553
2846;1551
2845;1555
2843;1556
2840;1553
2836;1551
2831;1549
2831;1545
2829;1545
2828;1544
2824;1544
2820;1539
2817;1540
2816;1537
2816;1535
2815;1533
2814;1529
2812;1528
2812;1523
2815;1520
2816;1524
2818;1525
2823;1522
2822;1520
2823;1518
2821;1514
2817;1509
2815;1506
2820;1502
2818;1497
2814;1494
2810;1491
2807;1484
2806;1482
2799;1482
2794;1480
2791;1475
2787;1476
2785;1478
2784;1473
2785;1472
2784;1469
2783;1465
2780;1464
2778;1465
2777;1462
2775;1461
2772;1462
2771;1460
2766;1459
2767;1457
2770;1457
2772;1456
2774;1455
2773;1453
2772;1449
2770;1445
2771;1440
2769;1438
2766;1437
2764;1437
2762;1439
2759;1438
2759;1433
2760;1431
2756;1428
2759;1425
2761;1424
2760;1419
2761;1417
2763;1415
2766;1415
2770;1412
2770;1409
2775;1410
2779;1407
2781;1410
2780;1412
2783;1413
2787;1410
2788;1412
2792;1409
2791;1405
2794;1402
2810;1401
2811;1396
2823;1389
2826;1390
2828;1388
2833;1385
2833;1381
2832;1376
2835;1374
2834;1372
2838;1370
2838;1367
2838;1364
2836;1360
2835;1352
2834;1348
2835;1344
2831;1343
2829;1342
2829;1341
2833;1339
2835;1339
2838;1337
2841;1338
2849;1334
2852;1338
2854;1336
2858;1338
2859;1337
2859;1333
2856;1330
2864;1305
2869;1306
2872;1307
2876;1308
2882;1307
2884;1309
2883;1310
2889;1306
2893;1306
2895;1301
2893;1292
2895;1284
2899;1282
2905;1281
2907;1277
2906;1273
2908;1272
2919;1270
2920;1274
2919;1276
2922;1277
2921;1282
2926;1285
2927;1283
2928;1287
2933;1290
2934;1291
2939;1290
2941;1293
2945;1293
2947;1297
2949;1302
2955;1309
2956;1314
2954;1320
2955;1323
2951;1333
2955;1338
2963;1340
2983;1340
3000;1352
3005;1351
3003;1355
3008;1357
3011;1367
3015;1374
3016;1376
3028;1375
3053;1379
3062;1376
3078;1380
3081;1385
3088;1385
3099;1389
3109;1389
3109;1392
3114;1392
3116;1393
3125;1387
3144;1380
3154;1380
3156;1381
3159;1379
3166;1380
3170;1377
3175;1376
3183;1366
3191;1363
3194;1359
3190;1354
3187;1349
3192;1340
3200;1339
3202;1342
3213;1344
3221;1337
3222;1334
3224;1332
3229;1334
3234;1332
3242;1329
3243;1324
3248;1317
3255;1318
3257;1314
3261;1314
3264;1311
3272;1310
3276;1312
3279;1314
3279;1317
3284;1311
3283;1308
3284;1305
3282;1304
3283;1302
3280;1302
3277;1300
3277;1298
3275;1299
3275;1295
3273;1295
3268;1291
3260;1290
3255;1295
3248;1292
3243;1293
3239;1296
3234;1292
3234;1288
3237;1286
3237;1281
3241;1277
3240;1274
3247;1258
3261;1263
3268;1257
3277;1254
3278;1250
3275;1249
3279;1242
3279;1238
3282;1236
3284;1232
3286;1225
3293;1220
3294;1218
3292;1213
3293;1209
3286;1208
3285;1205
3288;1203
3295;1196
3308;1193
3311;1190
3318;1192
3322;1189
3326;1190
3340;1199
3342;1197
3349;1199
3350;1203
3354;1206
3354;1209
3358;1213
3358;1216
3359;1218
3358;1222
3361;1226
3363;1229
3363;1234
3364;1239
3368;1242
3368;1250
3371;1252
3370;1259
3372;1260
3372;1262
3378;1264
3384;1264
3389;1267
3394;1267
3399;1274
3405;1275
3406;1281
3408;1284
3406;1288
3410;1296
3428;1296
3429;1291
3430;1292
3434;1289
3440;1288
3448;1284
3452;1286
3450;1290
3453;1296
3451;1300
3448;1300
3446;1303
3447;1305
3445;1309
3444;1312
3442;1316
3443;1319
3441;1321
3441;1324
3440;1325
3438;1327
3438;1329
3436;1332
3434;1334
3434;1339
3432;1340
3420;1336
3418;1338
3409;1342
3411;1345
3412;1350
3412;1361
3414;1366
3411;1370
3412;1373
3405;1376
3407;1382
3405;1378
3402;1377
3402;1373
3398;1372
3396;1379
3393;1380
3391;1380
3390;1384
3386;1386
3376;1387
3379;1392
3379;1396
3377;1397
3375;1395
3366;1395
3367;1393
3366;1392
3365;1391
3359;1393
3359;1398
3354;1401
3354;1404
3349;1404
3349;1406
3340;1410
3336;1414
3334;1417
3333;1420
3325;1420
3318;1422
3315;1425
3311;1427
3310;1430
3309;1431
3306;1433
3302;1435
3296;1437
3297;1432
3301;1430
3302;1427
3298;1427
3299;1423
3301;1420
3303;1417
3305;1416
3310;1409
3307;1407
3304;1405
3299;1404
3298;1405
3294;1409
3292;1412
3291;1414
3291;1415
3280;1420
3277;1422
3277;1425
3277;1426
3272;1431
3268;1431
3268;1433
3266;1433
3263;1434
3262;1431
3260;1435
3261;1440
3267;1443
3272;1443
3276;1446
3276;1448
3276;1451
3274;1454
3276;1457
3280;1456
3283;1453
3286;1451
3291;1448
3294;1448
3299;1451
3305;1452
3310;1452
3316;1455
3314;1460
3314;1463
3312;1465
3309;1464
3303;1466
3299;1466
3296;1469
3294;1472
3293;1474
3290;1475
3286;1478
3283;1482
3281;1482
3279;1488
3280;1493
3286;1497
3289;1499
3291;1507
3294;1509
3296;1517
3298;1521
3303;1523
3303;1525
3308;1531
3308;1534
3308;1539
3308;1543
3305;1548
3299;1551
3305;1554
3312;1555
3313;1558
3308;1562
3308;1566
3308;1569
3304;1569
3304;1574
3303;1579
3301;1579
3299;1584
3297;1587
3294;1587
3292;1591
3288;1596
3288;1598
3291;1598
3291;1600
3287;1601
3285;1604
3285;1608
3285;1613
3282;1617
3281;1618
3277;1619
3273;1622
3271;1626
3269;1627
3264;1630
3262;1634
3257;1638
3252;1639
3249;1642
3248;1647
3241;1649
3236;1650
3233;1651
3230;1649
3226;1651
3220;1656
3210;1660
3201;1663
3192;1664
3183;1666
3180;1668
3179;1673
3178;1675
3180;1681
3184;1682
3184;1687
3181;1689
3180;1692
3178;1698
3175;1700
3173;1702
3170;1703
3167;1705
3166;1705
3157;1702
3154;1691
3160;1685
3163;1681
3170;1680
3167;1673
3166;1671
3167;1667
3167;1665
3160;1665
3157;1663
3154;1665
3146;1666
3145;1669
3144;1670
3139;1664
3138;1661
3136;1659
3134;1658
3132;1653
3134;1651
3135;1647
3132;1646
3129;1647
3121;1645
3120;1642
3112;1643
3113;1647
3110;1647
3106;1649
3106;1646
3102;1652
3099;1648
3098;1650
3095;1648
3091;1652
3088;1649
3087;1648
3083;1654
3079;1653
3076;1654
3075;1656
3077;1660
3079;1662
3077;1665
3078;1668
3072;1667
3071;1664
3071;1661
3069;1661
3066;1663
3065;1664
3062;1663
3060;1665
3059;1662
3057;1661
3057;1657
3048;1656
3050;1652
3052;1644
3046;1643
3045;1638
3042;1635
3045;1631
3036;1632
3031;1636
3029;1634
3032;1631
3031;1629
3029;1628
3029;1624
3032;1623
3031;1621
3032;1618
3034;1618
3036;1616
3036;1614
3039;1614
3040;1612
3043;1609
3041;1607
3043;1606
3042;1604
3044;1588
3040;1586
3038;1588
3036;1585
3036;1581
3031;1576
qst;coaChina##level2#ChinaFlag.png#What county is represented by this flag##spn#fra#ger##
inf;State;China;10;level1;Officially the People's Republic of China. China is a recognized nuclear weapons state and has the world's largest standing army, with the second-largest defence budget (2014). Capital: Beijing. Largest city: Shanghai##spn#fra#ger;Asia#Second largest country in Asia
3712;1833
3711;1838
3713;1841
3715;1842
3718;1842
3722;1842
3724;1841
3772;1853
3772;1855
3774;1855
3775;1854
3775;1852
3773;1851
3726;1839
3727;1836
3726;1834
3723;1833
3721;1829
3718;1827
3716;1829
3713;1831
3711;1827
3749;1822
3753;1813
3782;1810
3777;1795
3777;1804
3763;1806
3770;1782
3765;1779
3751;1779
3751;1790
3746;1802
3745;1818
3687;1826
3672;1820
3650;1813
3636;1815
3628;1811
3590;1815
3576;1826
3594;1818
3605;1833
3602;1820
3627;1817
3653;1819
3669;1823
3688;1830
3706;1828
3710;1832
3704;1849
3723;1877
3727;1893
3732;1895
3735;1889
3736;1881
3718;1865
3711;1848
3709;1841
3710;1837
qst;coaFederatedStatesOfMicronesia##level5#FederatedStatesOfMicronesiaFlag.png#What county is represented by this flag##spn#fra#ger##
inf;State;Federated States of Micronesia;10;level4;An independent sovereign island nation consisting of four states – from west to east, Yap, Chuuk, Pohnpei and Kosrae. Capital: Palikir##spn#fra#ger;Asia#Western Pacific Ocean
3935;2122
3936;2124
3937;2125
3942;2126
3947;2127
3949;2133
3944;2135
3944;2136
3944;2137
3947;2137
3950;2136
3951;2134
3950;2126
3958;2124
3960;2125
3965;2132
3968;2135
3970;2134
3974;2132
3979;2136
3981;2135
3979;2129
3982;2127
3982;2123
3978;2121
3980;2114
3980;2112
3971;2115
3974;2108
3969;2106
3970;2104
3969;2102
3965;2099
3960;2103
3950;2106
3949;2110
3951;2113
3947;2115
3943;2114
3939;2117
3936;2119
3936;2120
qst;coaFiji##level5#FijiFlag.png#What county is represented by this flag##spn#fra#ger##
inf;State;Fiji;10;level4;The country comprises an archipelago of more than 332 islands, of which 110 are permanently inhabited. Capital: Suva##spn#fra#ger;Asia#Northeast of New Zealand's North Island
2375;1367
2376;1367
2376;1368
2379;1370
2384;1371
2385;1372
2385;1374
2390;1376
2391;1380
2392;1384
2392;1386
2394;1388
2392;1391
2391;1393;st
2394;1396
2397;1394
2403;1395
2407;1393
2407;1396
2410;1398
2411;1400
2414;1400
2416;1401
2422;1399
2430;1399
2435;1396
2440;1397
2440;1399
2446;1400
2447;1403
2451;1398
2447;1395
2446;1393
2448;1388
2444;1387
2441;1386
2438;1384
2440;1381
2439;1380
2435;1379
2432;1376
2430;1376
2423;1377
2420;1379
2417;1378
2417;1374
2410;1373
2408;1369
2403;1369
2393;1368
2392;1366
2389;1366
2386;1366
2384;1364
2376;1363
2375;1366;sl
qst;coaGeorgia##level4#GeorgiaFlag.png#What county is represented by this flag##spn#fra#ger##
inf;State;Georgia;10;level3;Georgia was occupied by Soviet Russia in 1921, becoming the Georgian Soviet Socialist Republic and part of the Soviet Union. After independence in 1991, post-communist Georgia suffered from civil unrest and economic crisis for most of the 1990s. Capital: Tbilisi##spn#fra#ger;Asia#Caucasus region of Eurasia
3216;1654
3217;1653
3219;1652
3220;1653
3221;1654
3219;1655
3217;1655
inf;UnDefRegion;Hong Kong;10;level3;Hong Kong became a colony of the British Empire after the First Opium War (1839–42). As a result of the negotiations and the 1984 agreement between China and Britain, Hong Kong was handed over to the People's Republic of China and became its first Special Administrative Region on 1 July 1997.##spn#fra#ger;Asia#Southern coast of China
2924;1600
2926;1602
2929;1605
2932;1602
2934;1606
2937;1608
2940;1606
2941;1606
2942;1610
2942;1615
2942;1617
2945;1617
2947;1619
2955;1619
2958;1618
2962;1619
2967;1618
2972;1621
2972;1622
2969;1623
2968;1627
2963;1628
2961;1626
2961;1631
2958;1633
2958;1635
2957;1639
2959;1646
2960;1642
2962;1645
2964;1644
2965;1642
2966;1639
2968;1637
2970;1637
2971;1644
2970;1646
2972;1650
2972;1652
2973;1656
2976;1657
2977;1658
2978;1656
2980;1656
2979;1651
2979;1645
2981;1645
2983;1638
2982;1634
2984;1633
2987;1634
2991;1635
2997;1621
2996;1617
3001;1612
3002;1606
3001;1602
3004;1600
3008;1596
3012;1593
3018;1591
3020;1592
3022;1593
3024;1594
3022;1588
3023;1587
3027;1584
3027;1580
3026;1578
3023;1577
3021;1577
3019;1574
3019;1570
3016;1566
3012;1565
3008;1566
3006;1569
3004;1570
3001;1568
2997;1566
2993;1568
2989;1571
2987;1573
2981;1575
2977;1580
2975;1582
2973;1585
2968;1585
2967;1585
2963;1588
2964;1590
2965;1589
2967;1590
2967;1595
2967;1597
2966;1598
2961;1598
2952;1598
2949;1595
2944;1599
2940;1599
2937;1597
2934;1598
2932;1596
2931;1595
2928;1593
2927;1594
2921;1594
2923;1598
inf;UnDefRegion;IndiaEastStripeNU;10;notUsed;eng#nor#spn#fra#ger
2698;1640
2700;1643
2701;1645
2704;1646
2709;1648
2718;1646
2713;1651
2709;1652
2706;1650
2703;1653
2703;1655
2707;1660
2711;1663
2715;1668
2719;1672
2726;1675
2728;1675
2729;1673
2740;1668
2743;1664
2742;1658
2744;1663
2742;1667
2743;1669
2746;1670
2747;1675
2745;1678
2745;1682
2746;1689
2746;1698
2748;1702
2749;1706
2751;1711
2752;1718
2752;1724
2753;1728
2756;1732
2759;1739
2763;1746
2766;1752
2767;1759
2768;1764
2770;1770
2773;1776
2778;1782
2780;1787
2783;1792
2784;1796
2786;1802
2786;1807
2791;1815
2795;1820
2801;1823
2806;1822
2810;1819
2810;1813
2818;1810
2823;1810
2820;1805
2824;1797
2830;1798
2829;1782
2830;1777
2833;1771
2834;1762
2834;1756
2833;1749
2834;1747
2832;1741
2835;1734
2837;1733
2840;1735
2842;1734
2846;1727
2848;1728
2855;1727
2858;1724
2859;1722
2857;1718
2858;1716
2865;1714
2870;1710
2872;1706
2877;1705
2881;1698
2886;1693
2888;1691
2890;1688
2895;1686
2899;1685
2902;1683
2905;1679
2908;1678
2914;1676
2910;1669
2910;1666
2917;1666
2918;1669
2928;1668
2933;1666
2935;1663
2932;1659
2933;1655
2932;1651
2932;1648
2932;1645
2933;1643
2929;1642
2930;1639
2927;1637
2930;1633
2929;1630
2926;1629
2921;1625
2922;1623
2922;1621
2924;1622
2926;1622
2926;1619
2932;1617
2930;1616
2930;1614
2928;1614
2925;1611
2922;1610
2923;1608
2923;1607
2929;1603
2926;1602
2925;1600
2923;1600
2921;1603
2919;1602
2912;1603
2911;1600
2907;1603
2906;1603
2903;1601
2899;1599
2895;1601
2895;1598
2889;1598
2883;1595
2883;1591
2879;1590
2877;1589
2873;1591
2869;1589
2867;1591
2866;1589
2861;1589
2861;1586
2858;1587
2853;1583
2851;1584
2838;1575
2836;1575
2832;1573
2831;1569
2833;1567
2832;1564
2834;1563
2834;1560
2841;1554
2837;1551
2831;1549
2831;1546
2829;1545
2828;1543
2824;1544
2821;1539
2817;1540
2816;1537
2817;1534
2814;1530
2814;1529
2813;1528
2812;1525
2813;1523
2815;1521
2816;1524
2818;1525
2823;1523
2821;1520
2820;1516
2818;1510
2817;1507
2818;1502
2823;1501
2826;1498
2829;1493
2832;1488
2832;1483
2829;1480
2826;1478
2823;1476
2816;1475
2813;1478
2808;1481
2806;1483
2798;1483
2796;1488
2794;1491
2792;1493
2785;1492
2783;1495
2778;1495
2772;1493
2766;1493
2761;1494
2761;1498
2761;1504
2763;1510
2764;1512
2762;1515
2765;1517
2767;1517
2768;1520
2769;1519
2769;1523
2774;1523
2777;1526
2776;1530
2772;1530
2767;1534
2769;1538
2768;1542
2760;1552
2761;1554
2754;1558
2753;1563
2751;1568
2742;1573
2742;1577
2738;1581
2737;1584
2728;1585
2726;1587
2723;1583
2719;1584
2716;1589
2711;1593
2710;1598
2718;1602
2717;1610
2720;1612
2723;1613
2724;1617
2728;1624
2728;1629
2725;1631
2722;1629
2717;1631
2714;1632
2711;1630
2703;1630
2702;1633
2697;1633
2698;1635
2697;1638
qst;coaIndia##level2#IndiaFlag.png#What county is represented by this flag##spn#fra#ger##
inf;State;India;10;level1;The seventh-largest country by area, the second-most populous country with over 1.2 billion people, and the most populous democracy in the world. (2014) Capital: New Delhi. Largest city: Mumbai.##spn#fra#ger;Asia#South Asia;;IndiaEastStripeNU
3320;1626
3318;1625
3318;1627
3318;1628
3320;1628
3327;1628
3328;1630
3333;1630
3336;1629
3343;1624
3346;1625
3349;1622
3349;1620
3371;1608
3374;1607
3375;1605
3377;1602
3380;1600
3382;1598
3383;1592
3385;1591
3387;1587
3389;1587
3390;1582
3394;1581
3399;1581
3400;1577
3397;1575
3395;1574
3392;1576
3385;1567
3384;1568
3383;1570
3385;1573
3389;1578
3387;1582
3384;1581
3384;1584
3384;1586
3383;1589
3379;1592
3380;1594
3378;1595
3375;1594
3374;1594
3373;1596
3374;1598
3372;1600
3371;1603
3369;1606
3367;1607
3363;1601
3360;1601
3359;1602
3362;1604
3365;1606
3348;1619
3346;1621
3343;1621
3342;1623
3334;1627
3330;1626
3327;1627
3321;1625
inf;UnDefRegion;JapanIslandSouthNU;10;notUsed;eng#nor#spn#fra#ger
3391;1494
3389;1496
3389;1498
3388;1498
3387;1500
3389;1502
3392;1499
3393;1496
3393;1494
3392;1491
3391;1492
inf;UnDefRegion;JapanIslandTowardKoreaNU;10;notUsed;eng#nor#spn#fra#ger
3512;1420
3513;1424
3511;1427
3510;1430
3510;1434
3506;1434
3506;1438
3506;1442
3504;1445
3499;1446
3497;1444
3496;1440
3494;1440
3493;1442
3492;1444
3491;1446
3492;1448
3492;1450
3493;1450
3496;1452
3493;1455
3487;1459
3483;1460
3484;1457
3484;1454
3482;1451
3479;1452
3474;1454
3473;1457
3473;1460
3475;1462
3474;1465
3468;1471
3466;1474
3465;1478
3461;1480
3461;1477
3459;1476
3450;1478
3446;1480
3437;1480
3436;1474
3438;1471
3435;1469
3434;1471
3435;1473
3436;1477
3435;1481
3430;1481
3426;1485
3419;1490
3413;1494
3409;1496
3408;1499
3407;1502
3402;1504
3400;1506
3396;1504
3394;1505
3396;1508
3393;1510
3390;1513
3386;1516
3384;1518
3382;1519
3383;1521
3384;1522
3386;1521
3387;1520
3391;1517
3393;1521
3398;1527
3399;1530
3400;1534
3399;1535
3400;1539
3405;1542
3409;1546
3407;1550
3404;1550
3403;1552
3405;1554
3407;1553
3411;1552
3413;1546
3415;1538
3417;1526
3421;1520
3423;1515
3426;1517
3428;1519
3431;1521
3434;1519
3434;1517
3436;1514
3437;1512
3441;1510
3445;1515
3448;1514
3448;1510
3452;1506
3454;1501
3456;1506
3459;1508
3459;1509
3460;1511
3465;1511
3467;1509
3470;1505
3472;1502
3472;1501
3480;1499
3481;1495
3485;1494
3488;1495
3487;1497
3491;1498
3498;1497
3502;1493
3504;1489
3504;1487
3506;1486
3507;1489
3510;1492
3519;1488
3519;1483
3521;1480
3523;1480
3521;1474
3520;1472
3521;1467
3526;1458
3526;1452
3524;1445
3526;1441
3531;1442
3531;1437
3535;1429
3537;1423
3534;1412
3530;1406
3530;1398
3523;1392
3527;1391
3525;1386
3518;1384
3519;1380
3524;1383
3528;1380
3532;1378
3538;1382
3542;1385
3547;1387
3549;1389
3552;1387
3551;1382
3554;1378
3558;1374
3562;1373
3566;1373
3569;1371
3576;1369
3583;1366
3582;1363
3574;1365
3580;1357
3584;1352
3588;1351
3592;1349
3597;1345
3602;1342
3610;1336
3615;1335
3614;1333
3614;1330
3608;1333
3606;1334
3602;1332
3600;1333
3601;1335
3598;1338
3592;1339
3591;1344
3588;1346
3585;1347
3581;1347
3577;1346
3575;1349
3572;1350
3569;1354
3568;1356
3561;1354
3560;1351
3556;1353
3555;1350
3552;1350
3547;1346
3544;1340
3540;1335
3545;1333
3544;1331
3538;1332
3535;1330
3529;1333
3523;1331
3522;1334
3523;1336
3526;1340
3529;1339
3531;1344
3531;1350
3529;1354
3526;1359
3528;1365
3526;1367
3522;1366
3521;1367
3518;1365
3515;1367
3516;1369
3517;1371
3515;1374
3511;1375
3509;1377
3509;1381
3505;1383
3505;1386
3508;1386
3511;1384
3512;1386
3512;1391
3511;1393
3512;1395
3514;1396
3517;1395
3521;1394
3521;1397
3516;1397
3514;1400
3513;1403
3510;1405
3506;1406
3505;1406
3505;1409
3508;1409
3510;1408
3512;1415
3509;1416
3505;1417
3504;1417
3505;1419
3509;1418
3511;1419
qst;coaJapan##level2#JapanFlag.png#What county is represented by this flag##spn#fra#ger##
inf;State;Japan;10;level1;Japan is a stratovolcanic archipelago of 6,852 islands. The four largest islands are Honshu, Hokkaido, Kyushu, and Shikoku. Capital: Tokyo##spn#fra#ger;Asia#Island nation in East Asia;;JapanIslandSouthNU#JapanIslandTowardKoreaNU
2778;1526
2775;1523
2770;1523
2769;1519
2767;1519
2765;1516
2762;1512
2762;1509
2761;1507
2762;1503
2760;1498
2759;1494
2763;1492
2768;1493
2773;1494
2779;1495
2781;1496
2788;1493
2792;1492
2796;1488
2795;1482
2800;1482
2807;1482
2809;1488
2811;1492
2815;1495
2819;1500
2816;1503
2817;1508
2818;1511
2820;1515
2822;1514
2821;1517
2822;1520
2822;1523
2818;1525
2816;1523
2816;1520
2812;1522
2810;1520
2808;1522
2804;1517
2798;1519
2794;1515
2792;1514
2789;1514
2786;1516
2783;1517
2784;1521
2782;1524
2780;1525
inf;UnDefRegion;Kashmir;10;level4;Disputed area that includes an Indian, a Pakistan and a Chinese administered region.##spn#fra#ger;Asia#India Pakistan
2480;1318
2480;1316
2487;1315
2494;1310
2505;1306
2506;1308
2510;1310
2515;1310
2519;1309
2523;1313
2525;1317
2522;1324
2522;1330
2524;1335
2518;1333
2514;1333
2508;1332
2506;1334
2503;1335
2501;1338
2500;1340
2501;1343
2502;1346
2498;1344
2494;1345
2490;1346
2489;1349
2490;1351
2497;1353
2497;1357
2500;1360
2502;1363
2502;1370
2506;1370
2509;1374
2513;1375
2518;1376
2515;1385
2516;1388
2515;1392;st
2522;1386
2527;1384
2537;1383
2544;1388
2551;1398
2557;1397
2558;1340
2587;1331
2615;1350
2615;1353
2625;1364
2640;1361
2654;1362
2661;1360
2662;1361
2662;1363
2666;1368
2668;1374
2672;1373
2672;1381
2671;1386
2674;1390
2676;1395
2677;1398
2692;1400
2694;1402
2693;1406
2699;1409
2701;1408
2699;1402
2701;1403
2706;1396
2710;1394
2713;1392
2715;1391
2719;1388
2721;1385
2723;1387
2727;1382
2727;1378
2729;1378
2730;1375
2738;1374
2755;1381
2756;1379
2755;1377
2756;1371
2759;1370
2765;1368
2771;1372
2774;1374
2781;1375
2783;1372
2788;1374
2796;1372
2808;1374
2813;1373
2817;1375
2818;1376
2820;1375
2824;1380
2829;1380
2832;1386
2833;1385
2833;1380
2832;1376
2834;1374
2836;1373
2834;1371
2839;1369
2837;1367
2838;1364
2834;1347
2835;1343
2831;1343
2828;1342
2831;1339
2835;1339
2838;1337
2840;1338
2850;1334
2853;1338
2854;1336
2858;1338
2860;1337
2859;1335
2860;1333
2856;1331
2865;1304
2873;1307
2876;1308
2883;1307
2884;1309
2883;1310
2885;1310
2889;1306
2893;1306
2895;1302
2893;1291
2896;1284
2898;1283
2905;1281
2908;1277
2906;1274
2908;1271
2914;1271
2910;1268
2908;1266
2907;1264
2905;1263
2907;1260
2905;1260
2901;1265
2900;1265
2897;1263
2889;1262
2889;1259
2886;1257
2887;1255
2882;1251
2879;1252
2878;1246
2872;1239
2869;1237
2865;1237
2864;1240
2861;1239
2859;1242
2850;1241
2846;1242
2846;1239
2842;1239
2843;1234
2840;1233
2838;1232
2837;1233
2835;1234
2835;1238
2832;1239
2831;1242
2806;1196
2790;1183
2789;1179
2793;1179
2794;1176
2795;1173
2793;1174
2792;1175
2788;1175
2786;1176
2780;1179
2777;1180
2777;1182
2774;1186
2771;1185
2769;1187
2769;1188
2766;1192
2764;1189
2761;1189
2759;1191
2758;1189
2755;1192
2753;1189
2755;1183
2758;1183
2759;1182
2758;1180
2757;1181
2756;1181
2753;1183
2750;1181
2748;1179
2747;1179
2744;1183
2743;1181
2744;1178
2742;1175
2740;1175
2740;1178
2740;1179
2737;1177
2735;1180
2732;1179
2729;1179
2728;1175
2730;1175
2730;1171
2731;1169
2729;1167
2728;1160
2725;1155
2720;1158
2718;1159
2713;1155
2707;1155
2704;1153
2705;1156
2701;1156
2700;1158
2695;1158
2696;1162
2691;1164
2689;1165
2684;1165
2672;1170
2670;1168
2669;1170
2665;1169
2664;1170
2661;1171
2662;1175
2658;1173
2635;1179
2631;1185
2629;1181
2626;1181
2624;1183
2623;1181
2621;1183
2618;1180
2616;1183
2613;1184
2614;1185
2616;1186
2613;1189
2620;1191
2619;1192
2615;1192
2615;1194
2619;1197
2621;1196
2626;1199
2626;1201
2625;1202
2624;1202
2621;1200
2615;1201
2612;1204
2610;1205
2610;1208
2612;1208
2613;1211
2614;1213
2603;1220
2603;1222
2608;1223
2607;1225
2608;1226
2612;1227
2614;1229
2619;1230
2621;1232
2620;1235
2619;1240
2615;1242
2611;1244
2606;1244
2603;1240
2601;1244
2598;1246
2597;1245
2595;1244
2589;1242
2588;1241
2586;1240
2586;1237
2584;1235
2582;1236
2581;1237
2577;1235
2576;1239
2574;1240
2570;1236
2566;1236
2565;1238
2562;1236
2562;1238
2559;1240
2558;1242
2553;1246
2547;1242
2546;1239
2544;1241
2542;1241
2542;1244
2540;1246
2539;1243
2540;1241
2537;1240
2534;1235
2530;1234
2529;1230
2527;1228
2517;1229
2515;1224
2513;1226
2509;1225
2508;1229
2505;1228
2503;1229
2504;1226
2498;1225
2496;1227
2495;1226
2493;1230
2492;1230
2493;1233
2485;1236
2482;1236
2481;1239
2481;1240
2475;1245
2472;1245
2474;1252
2475;1254
2476;1256
2469;1259
2468;1255
2461;1247
2457;1252
2458;1254
2453;1258
2452;1268
2455;1270
2454;1273
2451;1274
2448;1283
2454;1286
2455;1291
2456;1293
2459;1296
2460;1293
2467;1294
2469;1300
2473;1301
2475;1306
2477;1311
2476;1312
2472;1311
2471;1314
2478;1318
qst;coaKazakhstan##level3#KazakhstanFlag.png#What county is represented by this flag##spn#fra#ger##
inf;State;Kazakhstan;10;level3;Kazakhstan was the last of the Soviet republics to declare independence following the dissolution of the Soviet Union in 1991. Kazakhstan is populated by 131 ethnicities, including Kazakh (who make up 63 percent of the population), Russian, Uzbek, Ukrainian, German, Tatar, and Uyghur. Capital: Astana##spn#fra#ger;Asia#Central Asia
127;1892
127;1894
129;1895
131;1894
130;1892
128;1891
inf;UnDefRegion;KiribatiRegion1NU;10;notUsed;eng#nor#spn#fra#ger
3885;1898
3887;1900
3887;1905
3889;1906
3893;1913
3896;1914
3900;1923
3911;1934
3913;1933
3927;1931
3928;1928
3912;1930
3908;1926
3904;1922
3900;1919
3897;1912
3900;1910
3898;1907
3895;1910
3888;1901
3892;1898
3889;1896
3886;1896
inf;UnDefRegion;KiribatiRegion2NU;10;notUsed;eng#nor#spn#fra#ger
3993;1895
3994;1897
4006;1904
4009;1917
4009;1920
4011;1920
4011;1916
4008;1903
4014;1891
4013;1890
4007;1901
4004;1901
3994;1894
qst;coaKiribati##level5#KiribatiFlag.png#What county is represented by this flag##spn#fra#ger##
inf;State;Kiribati;10;level5;The name Kiribati is the local pronunciation of Gilberts, which derives from the main island chain, named the Gilbert Islands after the British explorer Thomas Gilbert, who sailed through the islands in 1788. Capital: South Tarawa##spn#fra#ger;Pacific Ocean#Central tropical Pacific Ocean;;KiribatiRegion1NU#KiribatiRegion2NU
2727;1382
2730;1384
2728;1386
2724;1388
2722;1391
2718;1393
2718;1395
2721;1396
2724;1395
2725;1399
2727;1400
2730;1399
2731;1401
2732;1399
2735;1397
2735;1395
2737;1396
2738;1397
2737;1399
2741;1401
2741;1403
2743;1401
2745;1403
2752;1405
2747;1408
2744;1408
2743;1410
2741;1410
2736;1415
2730;1412
2728;1413
2730;1418
2727;1415
2723;1416
2724;1419
2721;1416
2717;1415
2712;1415
2711;1419
2709;1418
2708;1422
2708;1424
2713;1423
2717;1424
2723;1423
2726;1426
2734;1424
2734;1425
2736;1425
2735;1428
2739;1428
2741;1428
2743;1426
2751;1427
2755;1425
2760;1425
2760;1424
2760;1419
2761;1417
2764;1415
2766;1415
2771;1411
2771;1409
2775;1411
2780;1408
2780;1411
2781;1413
2788;1410
2788;1412
2792;1408
2791;1405
2794;1403
2794;1402
2795;1401
2796;1403
2810;1401
2811;1396
2824;1389
2827;1390
2830;1386
2834;1386
2833;1384
2831;1383
2830;1381
2824;1380
2820;1375
2819;1376
2813;1373
2807;1375
2795;1372
2788;1374
2783;1372
2781;1375
2774;1374
2765;1368
2756;1371
2755;1378
2756;1381
2738;1374
2730;1376
2728;1379
2726;1382
qst;coaKyrgyzstan##level4#KyrgyzstanFlag.png#What county is represented by this flag##spn#fra#ger##
inf;State;Kyrgyzstan;10;level3;Despite Kyrgyzstan's struggle for political stabilization among ethnic conflicts, revolts, economic troubles, transitional governments, and political party conflicts, it maintains a unitary parliamentary republic. Capital: Bishkek##spn#fra#ger;Asia#Landlocked Central Asia
2749;1831
2754;1842
2754;1852
2757;1860
2757;1868
2757;1875
2758;1880
2755;1888
2756;1893
2754;1899
2757;1907
2756;1916
2754;1921
2751;1920
2753;1912
2754;1907
2752;1900
2753;1894
2754;1888
2755;1878
2754;1869
2753;1865
2754;1861
2754;1856
2752;1851
2752;1841
2749;1832
qst;coaMaldives##level5#MaldivesFlag.png#What county is represented by this flag##spn#fra#ger##
inf;State;Maldives;10;level5;The islands gained independence from the British Empire in 1965, and in 1968 became a republic ruled by a president and an authoritarian government. Capital: Malé##spn#fra#ger;Asia#Indian Ocean Arabian Sea
3868;1836
3870;1837
3872;1846
3876;1846
3878;1849
3878;1844
3883;1861
3889;1866
3885;1862
3880;1844
3918;1829
3919;1824
3917;1826
3883;1840
3872;1831
3867;1814
3864;1813
3857;1805
3853;1796
3850;1796
3854;1804
3823;1808
3823;1811
3830;1809
3853;1806
3834;1830
3838;1830
3836;1862
3839;1863
3840;1861
3839;1831
3855;1810
3863;1816
3865;1830
qst;coaMarshallIslands##level5#MarshallIslandsFlag.png#What county is represented by this flag##spn#fra#ger##
inf;State;Marshall Islands;10;level5;The country is part of the larger island group of Micronesia, with the population of 68,480 people spread out over 24 low-lying coral atolls, comprising 1,156 individual islands and islets. Capital: Majuro##spn#fra#ger;Pacific Ocean#Northern Pacific Ocean
2934;1264
2932;1265
2931;1263
2930;1264
2924;1265
2923;1266
2922;1268
2919;1270
2919;1272
2919;1274
2918;1276
2921;1278
2922;1281
2921;1282
2923;1283
2925;1284
2927;1284
2927;1286
2931;1289
2933;1291
2939;1291
2940;1293
2944;1294
2947;1296
2949;1303
2951;1306
2954;1309
2956;1313
2954;1319
2955;1323
2951;1332
2954;1337
2960;1338
2962;1339
2983;1341
2999;1352
3005;1351
3004;1355
3008;1357
3012;1369
3016;1376
3025;1375
3039;1377
3053;1379
3061;1376
3067;1377
3078;1380
3081;1384
3088;1385
3101;1390
3109;1389
3109;1392
3113;1392
3115;1394
3123;1388
3143;1380
3155;1380
3157;1381
3160;1380
3167;1380
3169;1377
3174;1377
3176;1374
3183;1367
3188;1364
3194;1360
3193;1356
3191;1355
3187;1350
3193;1339
3200;1339
3201;1342
3212;1344
3221;1338
3222;1334
3225;1333
3228;1334
3237;1333
3240;1330
3242;1328
3242;1325
3248;1318
3252;1317
3255;1318
3256;1314
3260;1315
3265;1312
3270;1311
3276;1311
3279;1314
3279;1316
3280;1314
3284;1312
3283;1308
3283;1306
3282;1305
3283;1303
3280;1302
3278;1302
3277;1301
3277;1298
3275;1298
3275;1295
3272;1294
3268;1290
3261;1290
3255;1296
3251;1294
3249;1292
3244;1293
3239;1296
3233;1291
3234;1290
3234;1287
3237;1287
3237;1281
3241;1277
3240;1274
3247;1258
3242;1255
3238;1258
3234;1258
3231;1256
3228;1253
3220;1251
3208;1259
3206;1263
3202;1264
3197;1265
3189;1267
3181;1270
3179;1271
3176;1269
3174;1270
3165;1269
3162;1267
3154;1267
3148;1261
3148;1257
3139;1255
3134;1250
3128;1250
3127;1248
3120;1247
3114;1248
3107;1250
3103;1253
3095;1252
3094;1250
3089;1250
3083;1246
3084;1242
3081;1231
3070;1228
3064;1224
3057;1224
3055;1221
3051;1220
3045;1217
3044;1221
3043;1223
3038;1225
3037;1228
3035;1231
3033;1238
3035;1240
3035;1244
3038;1247
3037;1251
3034;1255
3030;1257
3029;1259
3027;1260
3024;1257
3019;1256
3017;1257
3010;1255
3007;1257
3000;1256
3000;1255
2996;1254
2992;1245
2978;1246
2978;1242
2973;1243
2970;1240
2969;1243
2963;1243
2961;1246
2960;1248
2951;1247
2952;1252
2948;1254
2947;1255
2939;1256
2940;1261
2937;1263
2935;1262
2935;1264
qst;coaMongolia##level4#MongoliaFlag.png#What county is represented by this flag##spn#fra#ger##
inf;State;Mongolia;10;level3;Mongolia has been ruled by various nomadic empires, including the Xiongnu, the Xianbei, the Rouran, the Turkic Khaganate, and others. In 1206, Genghis Khan founded the Mongol Empire. Capital: Ulan Bator##spn#fra#ger;Asia#Landlocked Central Asia
2970;1675
2972;1675
2973;1679
2974;1681
2976;1683
2981;1684
2982;1687
2982;1691
2984;1694
2983;1696
2983;1698
2986;1698
2989;1699
2991;1702
2993;1706
2994;1710
2994;1714
2992;1716
2992;1720
2991;1725
2990;1728
2991;1731
2993;1732
2995;1733
2999;1735
3001;1734
3004;1736
3009;1733
3010;1730
3013;1729
3017;1726
3021;1724
3022;1720
3025;1722
3027;1726
3027;1731
3029;1733
3030;1740
3032;1747
3034;1753
3034;1757
3035;1758
3037;1759
3039;1761
3037;1762
3037;1766
3039;1767
3038;1769
3036;1770
3033;1772
3034;1775
3036;1776
3033;1780
3031;1781
3033;1786
3037;1788
3036;1793
3032;1794
3033;1796
3036;1803
3039;1802
3042;1798
3044;1795
3043;1792
3048;1788
3050;1787
3051;1782
3054;1779
3052;1778
3053;1776
3051;1775
3051;1771
3050;1770
3048;1766
3047;1765
3048;1762
3048;1757
3046;1753
3042;1750
3040;1748
3037;1744
3038;1738
3041;1737
3042;1730
3044;1728
3045;1725
3042;1725
3040;1722
3041;1719
3031;1709
3032;1706
3030;1703
3028;1703
3027;1699
3031;1699
3032;1698
3030;1696
3032;1694
3033;1691
3032;1688
3035;1685
3038;1686
3042;1685
3044;1684
3046;1685
3047;1682
3051;1680
3052;1678
3056;1678
3057;1677
3059;1678
3060;1673
3065;1673
3063;1671
3066;1667
3071;1664
3070;1661
3066;1663
3065;1664
3063;1664
3060;1665
3060;1662
3057;1661
3057;1657
3048;1656
3049;1654
3050;1652
3051;1647
3052;1645
3048;1645
3045;1643
3045;1641
3045;1637
3042;1635
3045;1631
3038;1632
3036;1633
3031;1635
3030;1634
3031;1632
3032;1630
3031;1629
3029;1628
3029;1624
3032;1623
3031;1620
3033;1617
3035;1617
3036;1613
3039;1614
3040;1610
3044;1609
3041;1607
3044;1606
3042;1604
3044;1589
3040;1586
3039;1588
3036;1584
3036;1581
3033;1579
3031;1575
3030;1578
3028;1580
3027;1580
3028;1583
3022;1588
3024;1592
3024;1594
3022;1594
3020;1591
3013;1592
3006;1599
3002;1602
3002;1607
3001;1611
3001;1612
2996;1616
2997;1620
2992;1635
2987;1634
2982;1635
2983;1637
2982;1645
2979;1645
2979;1652
2980;1654
2981;1656
2979;1655
2978;1658
2976;1657
2974;1657
2974;1663
2973;1667
2971;1665
2968;1667
2970;1673
qst;coaMyanmar##level5#MyanmarFlag.png#What county is represented by this flag##spn#fra#ger##
inf;State;Myanmar;10;level3;Burma(Myanmar) became an independent nation in 1948, initially as a democratic nation and then, following a coup in 1962, a military dictatorship which formally ended in 2011. Capital: Naypyidaw##spn#fra#ger;Asia#Southeast Asia
3816;1921
3819;1922
3821;1921
3820;1918
3816;1917
3816;1919
qst;coaNauru##level5#NauruFlag.png#What county is represented by this flag##spn#fra#ger##
inf;State;Nauru;10;level5;During World War II, Nauru was occupied by Japanese troops, who were bypassed by the Allied advance across the Pacific. After the war ended, the country entered into trusteeship again. Nauru gained its independence in 1968. Capital: Yaren##spn#fra#ger;Pacific#South Pacific
2922;1587
2921;1589
2921;1595
2923;1598
2922;1603
2919;1602
2915;1604
2912;1603
2910;1601
2906;1604
2904;1601
2901;1600
2899;1599
2896;1601
2894;1597
2890;1598
2885;1597
2883;1594
2883;1592
2880;1591
2877;1589
2873;1591
2872;1590
2868;1590
2867;1591
2866;1589
2861;1589
2861;1587
2858;1586
2853;1583
2851;1584
2842;1578
2840;1577
2838;1574
2835;1574
2831;1572
2831;1568
2833;1567
2833;1566
2832;1564
2834;1562
2835;1559
2841;1554
2844;1556
2845;1554
2846;1551
2854;1552
2855;1556
2857;1556
2861;1559
2861;1560
2864;1561
2867;1563
2870;1568
2874;1566
2877;1566
2877;1571
2881;1572
2881;1574
2883;1573
2884;1576
2888;1574
2888;1578
2895;1578
2897;1582
2903;1583
2906;1581
2909;1583
2913;1583
2919;1583
2922;1583
2922;1585
qst;coaNepal##level3#NepalFlag.png#What county is represented by this flag##spn#fra#ger##
inf;State;Nepal;10;level3;The mountainous north of Nepal has eight of the world's ten tallest mountains, including the highest point on Earth, Mount Everest. Capital: Kathmandu##spn#fra#ger;Asia#Landlocked country South Asia
3785;2149
3787;2153
3789;2156
3790;2160
3792;2160
3793;2163
3794;2164
3797;2164
3798;2166
3802;2169
3805;2169
3807;2172
3809;2173
3816;2176
3816;2178
3818;2178
3819;2176
3822;2179
3824;2181
3827;2180
3826;2176
3821;2172
3829;2166
3831;2168
3833;2167
3833;2164
3831;2164
3831;2162
3829;2162
3826;2161
3826;2159
3823;2157
3823;2153
3819;2155
3816;2154
3816;2151
3813;2152
3811;2153
3811;2156
3810;2164
3804;2160
3802;2157
3797;2155
3792;2149
3786;2148
inf;UnDefRegion;New Caledonia;10;level5;Is a special collectivity of France. British explorer Captain James Cook was the first European to sight New Caledonia, on 4 September 1774. Largest city: Noumea##spn#fra#ger;Asia#Pacific Ocean
4082;2134
4082;2137
4083;2137
4084;2136
4083;2133
4081;2133
qst;coaNiue##level5#NiueFlag.png#What county is represented by this flag##spn#fra#ger##
inf;State;Niue;10;level5;A self-governing state in free association with New Zealand, and most of its diplomatic relations are conducted by New Zealand on its behalf. Capital: Alofi##spn#fra#ger;Asia#South Pacific Ocean
3406;1383
3406;1380
3403;1379
3403;1377
3402;1376
3402;1373
3398;1372
3397;1375
3396;1379
3394;1380
3391;1380
3390;1384
3386;1387
3376;1387
3376;1388
3380;1394
3379;1395
3378;1397
3375;1395
3367;1395
3367;1393
3364;1390
3361;1392
3359;1393
3359;1397
3354;1401
3354;1403
3349;1404
3349;1405
3349;1406
3340;1410
3337;1413
3335;1415
3333;1418
3336;1420
3337;1423
3339;1422
3340;1424
3342;1425
3345;1426
3343;1431
3341;1435
3341;1436
3339;1437
3338;1438
3339;1442
3337;1443
3334;1444
3335;1446
3336;1446
3340;1446
3343;1446
3349;1451
3355;1449
3358;1448
3361;1448
3363;1445
3367;1443
3371;1443
3374;1442
3379;1440
3381;1439
3380;1436
3378;1435
3376;1432
3375;1430
3371;1428
3371;1421
3375;1419
3376;1417
3380;1417
3385;1414
3389;1410
3391;1407
3396;1405
3396;1402
3397;1399
3398;1397
3399;1392
3398;1390
3401;1387
3405;1384
qst;coaNorthKorea##level3#NorthKoreaFlag.png#What county is represented by this flag##spn#fra#ger##
inf;State;North Korea;10;level2;North Korea follows Songun, or military-first policy. It is the world's most militarized society, with a total of 9,495,000 active, reserve, and paramilitary personnel. Its active duty army of 1.21 million is the 4th largest in the world, after China, the U.S., and India. It possesses nuclear weapons. As a result of its isolation, it is sometimes known as the "hermit kingdom". Capital: Pyongyang##spn#fra#ger;Asia#East Asia Korean Peninsula
2620;1620
2623;1621
2627;1618
2630;1619
2633;1618
2641;1618
2644;1617
2647;1617
2655;1619
2658;1617
2665;1617
2673;1615
2677;1618
2677;1622
2679;1624
2685;1625
2686;1630
2687;1634
2689;1637
2695;1638
2698;1638
2698;1634;st
2702;1634
2703;1629
2711;1630
2716;1632
2718;1630
2721;1628
2725;1630
2728;1629
2727;1627
2728;1625
2724;1615
2723;1613
2719;1612
2717;1609
2718;1601
2711;1599
2710;1598
2711;1596
2712;1592
2715;1590
2718;1584
2722;1582
2725;1586
2731;1584
2737;1583
2740;1579
2743;1572
2749;1569
2752;1567
2752;1563
2754;1561
2754;1558
2761;1554
2760;1551
2763;1548
2767;1544
2769;1542
2769;1538
2768;1535
2768;1533
2771;1530
2776;1528
2777;1526
2780;1525
2783;1523
2784;1519
2783;1516
2787;1514
2791;1515
2798;1519
2805;1517
2809;1521
2812;1522
2814;1521
2817;1524
2822;1523
2821;1520
2822;1518
2820;1512
2816;1507
2816;1505
2819;1502
2818;1498
2816;1495
2812;1493
2810;1491
2809;1487
2807;1482
2803;1482
2799;1481
2794;1480
2792;1478
2791;1476
2785;1477
2785;1474
2785;1471
2784;1468
2783;1465
2780;1464
2778;1465
2777;1462
2776;1461
2772;1462
2770;1460
2762;1463
2755;1462
2750;1463
2744;1464
2741;1466
2737;1468
2736;1470
2735;1469
2732;1472
2730;1473
2733;1478
2735;1484
2735;1490
2732;1490
2730;1493
2728;1494
2727;1496
2729;1499
2728;1502
2724;1503
2720;1503
2715;1502
2714;1504
2715;1506
2718;1507
2718;1510
2720;1512
2716;1514
2711;1515
2711;1518
2709;1519
2710;1521
2707;1524
2708;1529
2709;1531
2705;1536
2702;1533
2698;1534
2696;1532
2693;1535
2688;1536
2691;1539
2689;1540
2681;1539
2674;1546
2674;1550
2674;1554
2673;1556
2675;1558
2662;1561
2657;1563
2652;1562
2648;1565
2644;1564
2641;1563
2629;1564
2628;1563
2612;1558
2618;1565
2618;1569
2623;1574
2631;1578
2632;1579
2634;1579
2635;1589
2634;1592
2640;1593
2638;1600
2628;1601
2628;1603
2622;1607
2622;1610
2621;1611
2620;1618;sl
qst;coaPakistan##level3#PakistanFlag.png#What county is represented by this flag##spn#fra#ger##
inf;State;Pakistan;10;level2;With a population exceeding 180 million people, it is the sixth most populous country. The independence history of Pakistan has been characterised by periods of military rule, political instability and conflicts with neighbouring India. Capital: Islamabad##spn#fra#ger;Asia#Neighboring India
2574;326
2580;330
2584;340
2586;344
2591;342
2591;335
2597;335
2599;336
2601;335
2603;332
2602;328
2596;306
2600;303
2604;305
2608;307
2616;302
2618;295
2622;292
2625;283
2629;283
2632;286
2636;289
2644;287
2651;284
2784;351
2786;356
2790;360
2800;361
2806;359
2799;353
2790;348
2822;276
2830;271
2831;267
2824;263
2815;267
2813;270
2813;272
2814;274
2820;275
2789;347
2785;347
2784;349
2651;281
2659;272
2660;266
2660;263
2661;261
2659;257
2659;253
2657;251
2656;249
2651;247
2646;248
2645;251
2643;253
2644;255
2642;257
2644;262
2642;263
2636;264
2626;274
2616;263
2616;259
2615;257
2617;255
2612;252
2604;244
2604;242
2620;224
2622;224
2623;222
2627;218
2632;219
2636;220
2640;219
2642;213
2638;209
2637;206
2630;205
2627;206
2622;207
2620;209
2621;212
2618;214
2618;215
2618;219
2618;223
2602;238
2590;232
2588;208
2590;205
2592;201
2591;198
2588;196
2584;195
2581;196
2579;199
2573;200
2572;202
2574;204
2574;207
2574;211
2576;218
2570;220
2564;223
2561;220
2562;224
2560;228
2559;231
2556;233
2555;238
2549;239
2548;238
2546;239
2545;244
2545;249
2544;258
2541;256
2535;254
2534;259
2533;261
2533;263
2535;271
2531;273
2527;273
2496;270
2495;267
2493;256
2497;253
2495;250
2489;249
2487;252
2487;255
2488;257
2485;259
2486;261
2486;266
2483;266
2472;277
2469;278
2465;274
2461;275
2453;273
2451;274
2449;277
2439;285
2425;290
2425;292
2429;294
2432;296
2438;296
2437;300
2439;301
2447;300
2455;298
2445;311
2446;315
2448;320
2459;316
2456;327
2457;327
2462;326
2472;321
2475;318
2477;319
2481;327
2485;330
2493;333
2500;334
2505;333
2505;329
2504;326
2499;324
2509;317
2514;321
2521;320
2522;322
2524;322
2524;318
2526;318
2532;318
2542;316
2551;316
2553;318
2548;324
2551;327
2555;327
2561;327
2564;326
2567;322
2570;324
2573;325
inf;UnDefRegion;RussiaIslandFarEastNU;10;notUsed;eng#nor#spn#fra#ger
3520;659
3527;663
3532;665
3540;667
3548;669
3555;668
3553;665
3553;657
3553;654
3537;638
3527;640
3525;636
3525;630
3526;628
3524;623
3521;623
3517;624
3505;608
3508;603
3512;603
3529;597
3532;598
3534;597
3539;603
3545;602
3546;599
3555;598
3558;598
3559;597
3560;593
3565;589
3567;588
3568;582
3581;583
3582;584
3585;587
3587;587
3592;592
3594;594
3599;595
3605;602
3607;603
3613;605
3623;605
3625;605
3625;602
3634;599
3635;596
3636;594
3635;593
3639;587
3637;586
3636;585
3633;586
3632;588
3630;584
3626;582
3625;583
3619;580
3617;580
3614;583
3610;582
3611;577
3611;576
3608;574
3611;518
3614;517
3616;517
3619;518
3620;515
3620;513
3621;510
3622;510
3620;508
3619;509
3616;510
3613;511
3610;514
3608;516
3609;517
3607;573
3604;575
3597;572
3591;577
3589;567
3585;565
3583;568
3579;580
3572;580
3574;569
3573;566
3570;563
3566;561
3555;554
3549;554
3543;554
3539;548
3534;541
3529;538
3525;539
3522;540
3519;534
3518;532
3517;531
3513;532
3514;536
3516;536
3521;540
3521;544
3521;554
3520;557
3515;554
3513;548
3509;546
3503;542
3502;537
3500;535
3497;538
3492;540
3490;547
3485;546
3482;550
3483;554
3480;554
3480;556
3481;557
3477;560
3478;563
3469;564
3465;557
3465;552
3462;554
3460;576
3464;578
3468;573
3467;570
3470;565
3478;565
3478;568
3481;572
3477;576
3477;583
3481;591
3485;594
3490;603
3491;604
3497;607
3502;610
3504;609
3515;624
3514;626
3514;635
3516;639
3518;640
3523;641
3521;644
3521;651
3516;656
3509;657
3471;637
3462;624
3459;624
3459;627
3460;631
3461;632
3462;634
3465;637
3468;641
3471;640
3509;658
3510;662
3510;664
3519;659
inf;UnDefRegion;RussiaIslandNorthNU;10;notUsed;eng#nor#spn#fra#ger
3960;735
3957;738
3955;740
3953;743
3950;745
3951;752
3953;758
3959;754
3963;756
3967;751
3970;752
3976;755
3977;753
3983;751
3989;750
3996;748
3997;742
3998;741
3994;739
3991;733
3987;730
3980;728
3976;726
3973;727
3968;729
3965;730
3962;733
3960;734
inf;UnDefRegion;RussiaIslandEastNU;10;notUsed;eng#nor#spn#fra#ger
3052;450
3062;450
3073;437
3083;439
3088;439
3106;431
3114;431
3125;435
3128;438
3133;441
3141;443
3145;445
3147;439
3144;434
3138;436
3135;432
3135;428
3132;424
3130;426
3128;432
3123;434
3116;428
3120;418
3121;413
3119;399
3110;394
3109;385
3105;380
3095;375
3095;370
3086;362
3082;363
3080;367
3074;368
3073;373
3068;385
3065;394
3058;392
3058;383
3054;376
3060;367
3061;362
3064;347
3058;332
3053;325
3039;325
3032;325
3024;312
3025;310
3024;301
3024;291
3033;287
3030;276
3016;261
3011;248
3004;241
2997;244
2994;251
2986;256
2973;265
2957;254
2956;250
2952;244
2941;246
2937;251
2938;255
2943;258
2951;260
2956;256
2973;267
2972;271
2967;281
2968;283
2975;281
2971;288
2970;291
2969;298
2960;301
2961;305
2955;309
2956;311
2960;314
2964;316
2962;320
2971;324
2956;326
2955;330
2954;334
2955;339
2955;343
2955;347
2959;350
2975;354
2955;355
2950;353
2948;354
2948;356
2953;357
2957;359
2958;362
2963;364
2971;367
2974;367
2973;381
2969;379
2968;381
2969;383
2975;387
2978;385
2977;383
2991;368
2992;376
2995;379
2994;381
2995;383
2997;388
3003;389
3006;386
3007;390
3016;392
3020;391
3025;398
3029;400
3035;402
3046;402
3053;399
3058;394
3066;396
3063;403
3060;408
3060;415
3059;416
3058;421
3057;423
3057;427
3052;436
3052;440
3050;443
3051;449
inf;UnDefRegion;RussiaIslandWestNU;10;notUsed;eng#nor#spn#fra#ger
3620;1331
3623;1330
3625;1327
3627;1327
3629;1323
3633;1321
3632;1320
3646;1311
3647;1312
3650;1309
3653;1304
3656;1303
3657;1298
3660;1297
3661;1296
3661;1293
3662;1290
3664;1290
3664;1287
3671;1279
3672;1279
3674;1277
3675;1275
3677;1272
3678;1272
3679;1269
3681;1268
3682;1264
3686;1256
3690;1253
3693;1252
3695;1250
3696;1246
3699;1243
3703;1239
3713;1229
3719;1222
3722;1217
3724;1215
3724;1211
3724;1205
3729;1201
3734;1197
3738;1199
3741;1200
3740;1193
3741;1190
3739;1187
3741;1180
3751;1170
3753;1172
3758;1172
3765;1168
3764;1163
3762;1158
3762;1150
3805;1156
3806;1158
3808;1158
3809;1161
3812;1165
3814;1167
3816;1167
3816;1165
3814;1163
3812;1160
3812;1156
3809;1155
3806;1155
3762;1149
3764;1144
3769;1146
3774;1143
3778;1140
3780;1137
3778;1131
3778;1125
3773;1126
3774;1122
3773;1115
3777;1111
3779;1105
3772;1101
3769;1101
3765;1101
3765;1091
3770;1084
3781;1083
3779;1085
3778;1088
3779;1090
3780;1090
3783;1087
3786;1084
3792;1081
3794;1082
3795;1077
3793;1071
3791;1072
3780;1061
3783;1059
3786;1060
3789;1060
3791;1056
3793;1058
3793;1061
3795;1061
3797;1061
3799;1058
3800;1057
3800;1055
3803;1052
3808;1050
3811;1050
3810;1054
3809;1058
3808;1060
3809;1061
3812;1062
3814;1059
3815;1057
3818;1053
3819;1050
3831;1044
3837;1043
3840;1044
3845;1045
3849;1047
3851;1051
3852;1056
3856;1059
3860;1058
3861;1052
3864;1048
3874;1038
3880;1035
3887;1027
3895;1020
3901;1016
3908;1014
3913;1010
3917;1006
3926;1003
3930;1000
3936;997
3945;997
3957;1003
3959;1001
3961;997
3964;993
3963;987
3961;985
3962;981
3960;978
3956;974
3957;966
3954;960
3951;954
3949;948
3951;949
3948;945
3945;943
3953;942
3959;942
3967;934
3972;929
3975;924
3977;916
3975;911
3973;903
3980;901
3979;905
3980;908
3983;912
3984;917
3984;921
3988;922
3996;922
4000;922
4001;918
4003;918
4012;922
4014;927
4014;933
4019;937
4019;939
4026;940
4032;942
4033;945
4035;948
4041;951
4047;953
4051;951
4055;948
4056;940
4059;932
4058;926
4058;919
4071;920
4073;918
4076;916
4077;909
4082;905
4085;908
4087;903
4086;898
4082;898
4076;894
4066;886
4067;883
4063;881
4063;876
4058;877
4046;873
4042;874
4042;872
4033;874
4032;885
4029;887
4028;880
4028;867
4031;863
4024;861
4022;856
4014;851
4013;849
4002;841
3984;827
3982;823
3979;821
3973;817
3970;817
3960;805
3950;799
3945;800
3941;794
3932;794
3921;785
3913;788
3892;785
3889;787
3885;783
3882;783
3857;778
3859;784
3858;791
3853;790
3847;790
3848;787
3836;780
3828;785
3826;790
3818;799
3808;797
3804;796
3793;796
3787;790
3782;792
3780;791
3775;791
3772;794
3766;793
3763;796
3763;792
3755;795
3753;792
3749;794
3736;786
3742;778
3738;761
3745;756
3746;757
3750;756
3756;758
3761;761
3766;763
3770;761
3765;761
3760;758
3758;751
3755;752
3755;755
3756;757
3748;755
3746;751
3744;752
3745;755
3736;759
3724;750
3712;746
3695;745
3676;749
3663;753
3657;754
3651;752
3651;748
3647;741
3636;731
3623;726
3624;722
3628;719
3625;708
3613;703
3602;699
3592;701
3589;698
3570;691
3558;686
3541;685
3532;684
3530;680
3520;679
3519;682
3521;687
3518;694
3516;689
3511;689
3508;692
3504;698
3501;702
3501;707
3506;711
3498;714
3492;717
3491;722
3491;726
3487;726
3480;727
3478;729
3472;725
3464;724
3458;727
3453;732
3450;735
3443;733
3437;729
3434;723
3432;718
3437;720
3439;718
3438;715
3429;713
3426;716
3423;725
3421;735
3418;746
3414;754
3411;757
3409;749
3405;747
3403;750
3401;746
3397;744
3397;739
3400;727
3398;727
3392;731
3393;722
3390;713
3394;710
3397;697
3394;689
3394;682
3394;673
3375;653
3362;654
3360;656
3357;650
3352;648
3348;650
3346;652
3344;647
3338;643
3344;638
3335;636
3331;640
3324;642
3323;636
3325;634
3319;635
3319;639
3319;643
3321;646
3320;651
3319;657
3321;663
3322;671
3321;677
3317;671
3308;672
3306;676
3299;675
3295;677
3294;671
3284;667
3277;668
3276;664
3277;658
3280;657
3279;653
3274;650
3269;651
3261;651
3252;650
3239;646
3230;645
3227;648
3225;651
3218;650
3211;653
3211;648
3204;632
3206;629
3208;627
3207;624
3210;623
3211;618
3209;614
3198;611
3193;611
3190;617
3186;622
3188;627
3193;630
3198;633
3201;635
3203;639
3203;643
3200;644
3199;647
3195;645
3192;645
3188;641;st
3190;632
3184;632
3179;635
3171;629
3173;621
3183;614
3186;608
3191;608
3196;598
3205;595
3207;590
3213;584
3215;572
3216;561
3216;550
3213;545
3211;532
3212;528
3206;522
3204;525
3202;520
3196;514
3193;516
3186;513
3186;510
3185;509
3180;508
3171;512
3165;510
3155;513
3151;510
3146;510
3146;519
3134;520
3138;510
3143;505
3148;503
3150;499
3149;496
3141;497
3136;494
3145;486
3147;482
3142;480
3137;480
3137;476
3136;474
3133;475
3130;478
3128;480
3126;475
3125;468
3121;468
3115;468
3113;462
3108;461
3105;459
3098;463
3096;465
3094;464
3088;470
3082;477
3079;479
3078;483
3072;490
3069;496
3071;499
3068;500
3066;506
3068;512
3069;515
3069;520
3062;524
3057;523
3055;526
3049;523
3046;521
3043;524
3044;529
3038;534
3030;538
3030;520
3039;514
3035;508
3030;504
3021;504
3014;501
3019;494
3018;489
3018;487
3012;491
3003;496
3003;502
3007;503
3001;509
2996;505
2993;508
2992;509
2987;513
2987;520
2989;523
2999;522
2999;527
2996;531
2996;534
2993;531
2990;534
2991;538
2987;537
2982;539
2980;537
2978;538
2978;541
2974;544
2970;547
2967;545
2966;543
2962;544
2962;546
2965;546
2969;549
2971;557
2965;559
2962;559
2961;562
2955;563
2954;562
2946;565
2946;562
2938;566
2930;560
2925;561
2919;563
2921;565
2929;563
2932;567
2927;573
2922;582
2918;586
2908;585
2907;588
2902;593
2896;597
2892;597
2888;602
2885;609
2856;582
2859;575
2858;570
2857;566
2859;554
2870;551
2867;547
2857;547
2850;547
2847;551
2848;557
2853;556
2852;561
2854;567
2850;570
2847;574
2846;579
2848;583
2850;588
2852;592
2854;592
2857;586
2884;610
2882;613
2880;614
2879;618
2880;620
2887;619
2886;625
2892;639
2887;643
2880;635
2873;633
2871;630
2866;627
2862;629
2859;626
2856;629
2856;633
2860;634
2879;644
2871;649
2867;649
2858;649
2847;649
2839;652
2837;651
2831;653
2831;656
2836;658
2832;662
2834;667
2835;672
2835;681
2832;701
2827;696
2825;678
2822;669
2818;664
2816;665
2814;667
2818;671
2812;680
2813;688
2809;692
2805;691
2793;671
2794;661
2794;658
2780;653
2776;657
2776;659
2779;662
2782;668
2794;696
2783;700
2782;690
2776;680
2770;678
2771;672
2768;669
2763;670
2760;674
2762;677
2769;685
2769;696
2769;709
2752;718
2749;699
2751;688
2750;685
2736;678
2737;673
2735;665
2732;658
2725;654
2722;656
2718;657
2713;660
2714;664
2714;669
2712;674
2712;675
2707;677
2706;680
2706;682
2704;685
2702;694
2700;703
2700;711
2698;718
2695;726
2687;733
2679;739
2677;746
2674;755
2673;765
2677;769
2681;773
2680;782
2677;789
2678;797
2680;805
2683;810
2698;822
2699;830
2695;832
2685;818
2666;809
2653;798
2633;792
2620;789
2615;786
2610;786
2602;778
2596;770
2592;765
2587;768
2574;763
2575;757
2571;754
2562;743
2553;722
2553;701
2556;690
2561;685
2563;675
2569;662
2575;652
2587;627
2598;613
2608;599
2613;589
2620;583
2627;576
2642;568
2655;561
2671;554
2685;545
2697;536
2701;528
2706;521
2706;511
2703;502
2702;499
2698;499
2689;497
2684;498
2677;503
2672;508
2667;515
2667;518
2663;521
2659;525
2650;529
2642;531
2637;536
2631;534
2625;534
2620;531
2616;531
2611;534
2600;539
2599;542
2592;546
2586;551
2584;557
2580;562
2575;565
2575;567
2573;572
2570;575
2563;575
2562;580
2563;584
2554;585
2554;590
2555;594
2555;597
2552;602
2553;607
2551;610
2550;615
2545;620
2546;623
2545;629
2543;630
2541;635
2532;640
2531;644
2528;644
2531;650
2533;653
2536;657
2534;661
2529;665
2523;668
2522;674
2522;677
2515;682
2514;687
2515;690
2517;693
2516;701
2513;707
2509;707
2505;711
2504;716
2503;723
2505;731
2511;735
2514;739
2513;741
2518;745
2520;749
2523;753
2529;757
2537;760
2542;763
2546;766
2551;765
2561;767
2568;769
2571;771
2583;778
2585;782
2586;787
2589;790
2596;802
2603;813
2587;802
2585;807
2589;809
2589;812
2589;815
2576;822
2571;823
2570;828
2558;824
2537;835
2535;826
2539;819
2552;818
2544;817
2539;814
2526;817
2512;827
2500;829
2486;820
2493;815
2493;809
2487;804
2481;797
2470;800
2466;807
2467;815
2466;821
2468;827
2478;826
2485;828
2487;824
2492;837
2484;845
2474;851
2473;855
2463;857
2457;875
2449;877
2443;869
2438;861
2455;853
2451;845
2447;837
2445;827
2438;828
2432;829
2421;828
2415;825
2410;826
2410;829
2417;835
2420;838
2421;843
2420;853
2419;861
2416;870
2417;874
2421;874
2424;881
2422;889
2418;896
2414;892
2412;891
2403;891
2407;884
2402;881
2400;884
2397;890
2387;884
2391;876
2391;871
2387;856
2382;850
2374;843
2370;842
2364;836
2358;834
2354;830
2350;825
2339;817
2326;809
2314;805
2303;802
2294;799
2296;796
2297;792
2293;790
2290;789
2282;783
2281;786
2282;790
2280;789
2279;792
2270;789;st;sl
2272;795
2272;798
2267;798
2263;794
2263;798
2261;801
2259;803
2253;806
2252;813
2250;815
2248;814
2243;818
2246;820
2242;831
2245;842
2253;845
2257;853
2261;858
2260;862
2250;878
2251;883
2255;888
2256;894
2260;903
2262;914
2259;915
2257;924
2256;926
2260;927
2260;929
2256;932
2258;937
2262;939
2261;947
2266;953
2266;956
2265;960
2264;963
2261;965
2263;969
2266;973
2275;979
2275;982
2279;988
2274;998
2251;1026
2238;1041
2238;1042
2233;1043
2231;1046
2233;1046;sl
2240;1044
2244;1041
2243;1045
2243;1049
2245;1051
2246;1052
2247;1049
2249;1052
2250;1053
2256;1053
2255;1055
2249;1056
2248;1058
2248;1060
2244;1059
2240;1060
2237;1062
2238;1067;st
2240;1070
2237;1074
2235;1079
2231;1084
2233;1091
2232;1094
2234;1101
2236;1102
2233;1104
2232;1107
2231;1110
2233;1111
2234;1114
2237;1116
2235;1119
2234;1122
2234;1125
2238;1126
2237;1128
2240;1131
2239;1133
2241;1136
2241;1139
2242;1141
2246;1141
2246;1143
2251;1141
2254;1144
2254;1148
2259;1146
2265;1146
2270;1150
2272;1150
2271;1155
2270;1157
2273;1161
2269;1166
2274;1169
2274;1172
2276;1177
2282;1180
2281;1186
2286;1185
2289;1187
2289;1190
2292;1193
2291;1195
2288;1196
2285;1198
2278;1197
2275;1200
2278;1205
2279;1209
2279;1214
2284;1219
2288;1217
2288;1213
2294;1215
2297;1213
2305;1214
2307;1217
2308;1220
2311;1223
2308;1227
2309;1230
2310;1233
2314;1233
2315;1235
2318;1235
2321;1238
2323;1246
2325;1249
2332;1248
2336;1252
2346;1249
2348;1252
2352;1257
2354;1255
2355;1254
2357;1253
2358;1256
2360;1256
2363;1259
2366;1259
2367;1261
2370;1259
2372;1263
2376;1262
2375;1265
2377;1268
2374;1273
2371;1272
2374;1276
2371;1279
2374;1283
2375;1287
2372;1289
2373;1292
2361;1294
2361;1296
2356;1297
2354;1302
2355;1305
2356;1306
2364;1304
2357;1310
2354;1312
2349;1313
2350;1318
2353;1319
2352;1322
2349;1325
2348;1328
2346;1332
2343;1333
2337;1331
2335;1339
2341;1339
2344;1345
2347;1346
2351;1347
2356;1352
2359;1352
2367;1360
2374;1368
2376;1364
2382;1363
2387;1366
2391;1366
2392;1368
2402;1368
2408;1370
2410;1373
2417;1375
2417;1378
2425;1377
2429;1377
2431;1375
2434;1377
2435;1380
2438;1379
2440;1382
2438;1384
2442;1387
2445;1387
2449;1389
2453;1393
2456;1394
2458;1397
2465;1399
2466;1395
2471;1393
2473;1389
2466;1379
2462;1370
2463;1359
2465;1355
2462;1353
2460;1356
2458;1350
2455;1345
2460;1338
2467;1335
2471;1334
2474;1328
2479;1321
2480;1319
2472;1313
2472;1311
2476;1311
2477;1310
2474;1305
2474;1300
2471;1301
2466;1294
2459;1293
2458;1296
2456;1294
2454;1290
2456;1289
2455;1286
2448;1283
2452;1274
2455;1273
2455;1269
2452;1267
2453;1258
2458;1254
2457;1250
2461;1247
2464;1251
2467;1255
2468;1258
2469;1259
2476;1256
2475;1254
2474;1254
2472;1244
2475;1245
2482;1240
2482;1237
2483;1236
2485;1236
2493;1233
2492;1230
2494;1229
2496;1226
2497;1224
2504;1226
2504;1229
2508;1229
2509;1226
2511;1226
2515;1225
2517;1229
2528;1229
2530;1234
2534;1235
2537;1240
2539;1240
2539;1244
2540;1245
2541;1244
2541;1240
2546;1240
2553;1246
2558;1242
2559;1240
2561;1238
2562;1237
2565;1238
2566;1236
2571;1236
2574;1241
2577;1236
2581;1237
2583;1235
2586;1237
2586;1241
2589;1242
2591;1243
2595;1244
2597;1246
2601;1245
2603;1240
2607;1244
2620;1241
2619;1234
2621;1232
2617;1229
2614;1228
2612;1227
2608;1226
2608;1223
2603;1222
2603;1221
2614;1213
2613;1211
2610;1206
2612;1203
2615;1201
2621;1201
2625;1203
2627;1200
2621;1196
2618;1197
2615;1193
2618;1192
2620;1190
2613;1189
2615;1186
2613;1184
2615;1183
2618;1180
2620;1182
2622;1181
2625;1183
2627;1181
2629;1181
2631;1184
2634;1180
2658;1174
2662;1176
2662;1171
2666;1170
2668;1170
2669;1168
2672;1170
2686;1165
2689;1165
2692;1163
2695;1163
2696;1161
2695;1158
2700;1158
2701;1156
2705;1156
2705;1153
2707;1154
2713;1155
2718;1159
2722;1156
2725;1156
2728;1161
2728;1167
2731;1169
2730;1174
2728;1176
2729;1179
2731;1178
2735;1180
2735;1177
2740;1178
2740;1175
2742;1176
2742;1178
2743;1184
2747;1183
2746;1180
2749;1180
2751;1182
2754;1183
2757;1180
2758;1182
2758;1185
2756;1185
2754;1187
2754;1190
2756;1192
2759;1190
2763;1189
2766;1192
2767;1188
2772;1185
2773;1185
2778;1182
2778;1179
2788;1175
2791;1175
2794;1173
2794;1178
2793;1179
2789;1180
2799;1190
2806;1197
2831;1242
2832;1239
2834;1238
2834;1235
2837;1232
2843;1234
2842;1239
2846;1239
2846;1242
2852;1241
2860;1242
2861;1240
2864;1240
2865;1237
2869;1237
2878;1246
2878;1251
2880;1252
2882;1251
2886;1255
2887;1258
2889;1259
2889;1262
2894;1263
2898;1264
2900;1266
2905;1258
2908;1260
2906;1263
2908;1265
2911;1269
2914;1270
2923;1269
2923;1265
2931;1265
2934;1265
2936;1262
2940;1261
2940;1259
2940;1256
2944;1256
2949;1254
2952;1252
2951;1248
2952;1246
2960;1248
2962;1244
2966;1243
2968;1242
2970;1240
2973;1243
2978;1242
2979;1246
2992;1245
2995;1253
3001;1255
3003;1257
3011;1254
3018;1258
3020;1255
3024;1258
3028;1260
3030;1257
3034;1255
3038;1247
3035;1243
3035;1239
3033;1237
3034;1230
3036;1229
3038;1225
3042;1223
3045;1217
3051;1221
3054;1220
3057;1224
3065;1224
3072;1229
3082;1231
3083;1243
3083;1245
3087;1248
3094;1250
3096;1253
3103;1253
3107;1250
3121;1247
3129;1250
3134;1250
3139;1255
3148;1258
3149;1262
3154;1267
3163;1268
3169;1270
3173;1270
3176;1269
3180;1271
3187;1267
3201;1264
3205;1264
3207;1260
3209;1257
3220;1252
3226;1252
3230;1254
3234;1258
3239;1258
3242;1255
3249;1259
3256;1261
3260;1264
3264;1260
3267;1258
3274;1255
3277;1255
3278;1249
3275;1247
3277;1244
3279;1242
3279;1239
3281;1238
3286;1226
3290;1223
3294;1219
3293;1214
3293;1210
3292;1209
3286;1209
3285;1205
3288;1203
3294;1196
3302;1194
3304;1194
3308;1193
3311;1190
3318;1192
3321;1190
3326;1191
3340;1199
3341;1197
3346;1198
3349;1200
3349;1203
3353;1205
3353;1209
3356;1212
3358;1214
3358;1216
3359;1218
3357;1220
3360;1225
3363;1229
3364;1234
3365;1238
3368;1243
3368;1250
3371;1252
3370;1259
3372;1261
3373;1262
3378;1264
3382;1263
3385;1263
3385;1265
3389;1266
3393;1267
3398;1272
3399;1274
3404;1275
3406;1276
3405;1280
3408;1284
3406;1288
3410;1296
3428;1295
3429;1291
3431;1292
3436;1289
3440;1289
3449;1284
3452;1286
3450;1290
3453;1296
3451;1300
3449;1300
3447;1302
3446;1306
3445;1310
3443;1314
3442;1316
3443;1320
3441;1321
3441;1324
3438;1326
3438;1330
3435;1332
3433;1339
3432;1340
3423;1337
3421;1335
3419;1336
3417;1339
3409;1342
3411;1346
3412;1351
3413;1357
3412;1363
3413;1365
3412;1369
3411;1372
3407;1375
3406;1376
3405;1379
3406;1382
3407;1381
3408;1378
3413;1379
3416;1375
3418;1371
3420;1372
3424;1373
3424;1374
3424;1377
3427;1376
3428;1375
3431;1377
3437;1376
3451;1368
3458;1364
3462;1360
3464;1355
3468;1349
3471;1348
3476;1339
3479;1335
3482;1334
3484;1330
3487;1327
3489;1323
3491;1322
3492;1318
3494;1315
3495;1310
3497;1307
3502;1302
3504;1298
3505;1292
3510;1291
3511;1286
3515;1284
3516;1278
3518;1270
3519;1266
3519;1258
3520;1255
3519;1250
3519;1241
3522;1234
3527;1225
3530;1223
3533;1225
3534;1228
3536;1230
3536;1236
3536;1239
3535;1246
3536;1252
3535;1262
3535;1270
3533;1276
3533;1279
3537;1285
3536;1287
3536;1290
3533;1295
3534;1299
3532;1298
3531;1299
3533;1301
3534;1305
3531;1310
3531;1317
3533;1325
3535;1325
3538;1323
3540;1317
3542;1312
3544;1314
3547;1313
3550;1315
3550;1318
3550;1320
3550;1323
3553;1323
3554;1319
3553;1314
3551;1310
3549;1305
3545;1299
3542;1294
3543;1288
3545;1282
3546;1277
3547;1276
3547;1271
3550;1269
3553;1268
3557;1269
3562;1272
3563;1276
3565;1274
3561;1259
3558;1253
3556;1248
3554;1236
3552;1225
3549;1219
3550;1212
3552;1208
3552;1202
3551;1195
3547;1189
3547;1186
3546;1183
3547;1180
3546;1176
3544;1171
3541;1172
3541;1174
3538;1173
3539;1178
3540;1181
3538;1185
3535;1188
3520;1186
3516;1181
3509;1176
3504;1176
3496;1174
3493;1179
3489;1182
3486;1178
3489;1174
3491;1168
3494;1164
3497;1159
3490;1160
3488;1157
3482;1157
3480;1159
3478;1157
3463;1165
3459;1166
3464;1161
3470;1157
3474;1152
3482;1145
3489;1139
3493;1133
3496;1131
3497;1125
3502;1121
3504;1116
3508;1114
3512;1109
3519;1105
3521;1098
3523;1093
3530;1089
3536;1088
3534;1084
3537;1080
3544;1075
3549;1073
3557;1072
3568;1072
3578;1070
3578;1073
3580;1076
3583;1076
3585;1074
3587;1070
3591;1071
3596;1073
3601;1073
3607;1070
3608;1074
3611;1075
3617;1074
3616;1069
3619;1067
3619;1064
3623;1063
3626;1065
3631;1066
3634;1069
3637;1072
3636;1074
3631;1076
3632;1078
3632;1079
3634;1080
3636;1077
3639;1078
3641;1081
3642;1083
3650;1081
3652;1081
3653;1079
3655;1078
3656;1081
3659;1081
3661;1080
3661;1077
3664;1078
3667;1075
3670;1076
3671;1077
3677;1077
3685;1074
3686;1070
3685;1068
3683;1066
3680;1066
3676;1065
3675;1060
3678;1060
3679;1055
3683;1047
3690;1043
3695;1038
3695;1034
3703;1028
3703;1022
3706;1022
3709;1017
3712;1017
3714;1015
3718;1017
3721;1015
3727;1014
3730;1013
3732;1016
3738;1017
3743;1013
3742;1019
3740;1022
3736;1026
3738;1029
3736;1034
3737;1037
3742;1033
3740;1041
3741;1044
3748;1040
3754;1034
3760;1027
3768;1020
3773;1021
3775;1022
3778;1019
3783;1023
3782;1028
3778;1032
3777;1035
3767;1039
3759;1043
3757;1048
3758;1051
3747;1063
3743;1065
3741;1070
3736;1074
3734;1079
3728;1087
3719;1096
3712;1097
3704;1103
3702;1105
3703;1114
3698;1119
3691;1130
3690;1139
3688;1157
3690;1173
3692;1182
3693;1194
3695;1205
3698;1213
3698;1223
3698;1232
3700;1236
3697;1239
3693;1241
3689;1237
3687;1239
3688;1242
3690;1244
3687;1248
3685;1249
3684;1252
3682;1258
3680;1264
3677;1265
3678;1268
3677;1270
3673;1273
3671;1273
3669;1273
3670;1276
3667;1280
3663;1283
3661;1285
3662;1286
3660;1290
3660;1292
3656;1292
3655;1295
3655;1298
3654;1300
3650;1302
3647;1305
3646;1307
3645;1310
3630;1318
3627;1320
3618;1329
qst;coaRussia##level1#RussiaFlag.png#What county is represented by this flag##spn#fra#ger##
inf;State;Russia;10;level1;Russia is the largest country in the world, covering more than one-eighth of the Earth's inhabited land area. Capital: Moscow##spn#fra#ger;Asia#Europe and Asia;;RussiaIslandFarEastNU#RussiaIslandEastNU#RussiaIslandNorthNU#RussiaIslandWestNU#Kaliningrad
3698;1990
3694;1993
3690;1994
3687;1999
3691;2000
3699;2002
3700;2007
3703;2006
3704;2007
3706;2009
3706;2010
3708;2011
3707;2013
3709;2014
3714;2016
3720;2016
3730;2019
3735;2021
3735;2024
3738;2028
3740;2045
3737;2045
3738;2047
3746;2052
3747;2051
3748;2048
3743;2045
3746;2028
3754;2032
3754;2034
3756;2036
3761;2038
3766;2040
3804;2039
3811;2042
3813;2044
3817;2046
3817;2048
3817;2050
3819;2049
3820;2047
3814;2042
3810;2038
3808;2036
3803;2036
3801;2038
3766;2037
3764;2035
3762;2033
3759;2024
3753;2015
3751;2012
3749;2009
3745;2009
3738;2011
3738;2009
3736;2007
3730;2005
3726;2001
3720;1999
3709;1996
3706;1993
3700;1989
qst;coaSolomonIslands##level5#SolomonIslandsFlag.png#What county is represented by this flag##spn#fra#ger##
inf;State;Solomon Islands;10;level5;The islands have been inhabited for thousands of years. In 1568, the Spanish navigator Álvaro de Mendaña was the first European to visit them, naming them the Islas Salomón. Capital: Honiara##spn#fra#ger;Oceania#East of Papua New Guinea
4049;2070
4051;2073
4055;2072
4057;2075
4062;2076
4070;2080
4072;2079
4073;2078
4065;2075
4061;2070
4057;2069
4049;2068
4049;2069
qst;coaSamoa##level5#SamoaFlag.png#What county is represented by this flag##spn#fra#ger##
inf;State;Samoa;10;level5;Independent from New Zealand in 1962. Capital: Apia##spn#fra#ger;Oceanian#South Pacific Ocean
3337;1447
3340;1447
3342;1448
3344;1451
3347;1452
3349;1452
3352;1451
3355;1451
3357;1454
3357;1457
3355;1456
3356;1459
3354;1462
3353;1463
3353;1465
3355;1466
3356;1471
3355;1473
3358;1473
3358;1475
3354;1476
3352;1480
3352;1485
3352;1486
3349;1488
3348;1490
3349;1497
3351;1499
3354;1502
3358;1502
3358;1507
3356;1509
3354;1509
3354;1511
3353;1513
3356;1514
3361;1514
3364;1513
3365;1511
3364;1508
3360;1507
3359;1501
3362;1500
3366;1500
3370;1498
3374;1496
3377;1493
3378;1491
3380;1493
3383;1493
3384;1493
3385;1489
3389;1489
3392;1484
3394;1479
3394;1474
3392;1473
3393;1469
3393;1462
3392;1458
3388;1450
3384;1444
3381;1437
3381;1436
3380;1439
3378;1441
3375;1442
3371;1443
3367;1442
3364;1444
3363;1447
3361;1448
3359;1450
3354;1448
3352;1449
3348;1450
3345;1447
3343;1446
3339;1446
qst;coaSouthKorea##level3#SouthKoreaFlag.png#What county is represented by this flag##spn#fra#ger##
inf;State;South Korea;10;level2;North Korea invaded the South Korea in 1950, leading to the Korean War that ended de facto in 1953. It was annexed by the Japanese Empire in 1910 and after its defeat in 1945, Korea was divided into Soviet and U.S. zones of occupation, with the latter becoming the Republic of Korea in 1948. Capital: Seoul##spn#fra#ger;Asia#Oversea borders with Japan
2829;1804
2831;1806
2830;1808
2831;1810
2827;1809
2824;1810
2826;1812
2828;1814
2828;1817
2824;1819
2826;1830
2826;1837
2828;1840
2830;1845
2834;1847
2838;1847
2845;1844
2850;1841
2853;1837
2853;1830
2851;1826
2848;1822
2847;1816
2845;1814
2842;1811
2840;1807
2836;1804
2834;1801
2829;1802
2828;1803
qst;coaSriLanka##level4#SriLankaFlag.png#What county is represented by this flag##spn#fra#ger##
inf;State;Sri Lanka;10;level3;The country's recent history has been marred by a thirty-year civil war which decisively ended when Sri Lankan military defeated Liberation Tigers of Tamil Eelam in 2009. Capital: Colombo##spn#fra#ger;Asia#Island country in the northern Indian Ocean
2723;1420
2724;1416
2722;1412
2720;1411
2725;1406
2722;1403
2713;1408
2710;1405
2709;1409
2707;1410
2708;1414
2703;1416
2700;1415
2702;1417
2703;1419
2700;1421
2700;1424
2691;1422
2687;1424
2688;1430
2691;1429
2692;1431
2695;1435
2694;1439
2698;1444
2693;1452
2692;1456
2692;1459
2693;1462
2703;1456
2707;1459
2710;1457
2709;1455
2711;1452
2714;1452
2719;1453
2719;1448
2721;1445
2724;1441
2727;1439
2731;1443
2730;1448
2734;1448
2733;1456
2732;1460
2735;1464
2737;1465
2743;1460
2746;1460
2753;1455
2756;1455
2759;1455
2758;1457
2764;1455
2769;1455
2771;1457
2774;1456
2772;1452
2773;1450
2771;1446
2770;1445
2771;1440
2766;1437
2764;1437
2762;1439
2759;1438
2759;1433
2760;1432
2757;1429
2758;1425
2755;1425
2753;1427
2744;1426
2741;1429
2739;1427
2736;1428
2736;1425
2734;1425
2734;1423
2726;1426
2723;1424
2717;1424
2714;1423
2708;1424
2708;1420
2710;1419
2709;1418
2711;1416
2714;1415
2717;1415
2721;1417
2722;1419
qst;coaTajikistan##level4#TajikistanFlag.png#What county is represented by this flag##spn#fra#ger##
inf;State;Tajikistan;10;level3;As a result of the break up of the Soviet Union Tajikistan became an independent nation in 1991. Capital: Dushanbe##spn#fra#ger;Asia#Landlocked Central Asia
3040;1800
3040;1803
3038;1807
3037;1810
3036;1817
3035;1817
3037;1824
3037;1827
3040;1825
3041;1825
3045;1824
3046;1829
3047;1831
3049;1833
3048;1836
3047;1840
3051;1841
3056;1841
3059;1842
3059;1838
3061;1838
3063;1840
3066;1841
3067;1842
3069;1843
3070;1846
3069;1848
3069;1850
3070;1851
3072;1848
3074;1848
3076;1848
3078;1849
3079;1849
3081;1843
3081;1842
3080;1841
3075;1834
3068;1834
3064;1830
3063;1826
3064;1824
3064;1820
3062;1818
3060;1817
3058;1813
3058;1809
3060;1803
3059;1801
3057;1801
3056;1798
3055;1796
3056;1791
3056;1786
3055;1781
3057;1779
3059;1777
3061;1773
3058;1768
3059;1765
3060;1761
3064;1761
3066;1762
3066;1766
3066;1769
3067;1771
3075;1771
3077;1770
3082;1773
3079;1775
3080;1779
3084;1778
3087;1779
3085;1782
3088;1784
3090;1785
3091;1782
3088;1776
3089;1772
3086;1769
3086;1764
3084;1760
3087;1758
3087;1755
3089;1754
3090;1751
3092;1752
3093;1750
3096;1749
3097;1750
3099;1748
3102;1750
3103;1749
3104;1750
3107;1748
3115;1750
3116;1751
3120;1748
3120;1745
3121;1743
3119;1741
3121;1738
3121;1735
3118;1732
3119;1730
3116;1729
3112;1725
3111;1718
3112;1716
3112;1712
3107;1709
3103;1704
3102;1703
3097;1700
3094;1703
3093;1706
3090;1707
3087;1707
3083;1706
3082;1704
3077;1707
3074;1709
3075;1710
3073;1710
3071;1713
3068;1711
3069;1709
3071;1704
3071;1703
3070;1701
3069;1701
3072;1698
3073;1695
3073;1695
3072;1691
3072;1687
3068;1687
3064;1688
3062;1686
3064;1680
3063;1680
3062;1678
3060;1679
3058;1677
3053;1678
3051;1677
3052;1680
3047;1682
3046;1685
3044;1684
3042;1686
3037;1686
3035;1684
3034;1686
3032;1689
3033;1691
3031;1695
3029;1697
3032;1698
3032;1700
3027;1699
3029;1704
3032;1706
3031;1710
3036;1716
3040;1719
3040;1722
3042;1726
3045;1725
3042;1729
3041;1737
3039;1739
3038;1738
3037;1744
3041;1749
3046;1752
3048;1760
3048;1764
3049;1767
3049;1770
3051;1771
3051;1776
3053;1776
3052;1777
3053;1780
3050;1782
3050;1786
3044;1791
3043;1794
3042;1798
qst;coaThailand##level3#ThailandFlag.png#What county is represented by this flag##spn#fra#ger##
inf;State;Thailand;10;level2;A constitutional system was established in 1932. Capital: Bangkok##spn#fra#ger;Asia#South by the Gulf of Thailand and Malaysia
4019;2161
4021;2162
4023;2162
4025;2167
4026;2166
4026;2162
4024;2160
4024;2158
4020;2157
4019;2160
qst;coaTonga##level5#TongaFlag.png#What county is represented by this flag##spn#fra#ger##
inf;State;Tonga;10;level4;Tonga became known as the Friendly Islands because of the congenial reception accorded to Captain James Cook on his first visit in 1773. Capital: Nukuʻalofa##spn#fra#ger;Asia#Southern Pacific Ocean
2293;1487
2294;1485
2291;1482
2293;1483
2297;1483
2302;1483
2312;1478
2313;1479
2312;1482
2306;1486
2308;1489
2308;1490
2303;1490
2302;1489
2291;1487
inf;UnDefRegion;TurkeyCyprusPartNU;10;notUsed;eng#nor#spn#fra#ger
2326;1476
2328;1475
2326;1471
2327;1467
2331;1466
2330;1464
2329;1464
2322;1468
2320;1468
2314;1464
2309;1469
2309;1471
2307;1472
2305;1471
2304;1473
2299;1475
2295;1474
2292;1476
2289;1475
2286;1473
2284;1470
2275;1464
2269;1464
2267;1474
2265;1475
2263;1472
2257;1475
2254;1473
2249;1472
2249;1468
2245;1466
2242;1466
2236;1468
2231;1467
2231;1462
2229;1462
2225;1463
2223;1458
2227;1455
2227;1453
2221;1451
2221;1449
2227;1449
2226;1447
2220;1445
2218;1444
2218;1440
2219;1436
2222;1435
2224;1434
2224;1431
2222;1428
2223;1424
2216;1426
2215;1425
2216;1417
2218;1413
2221;1409
2217;1409
2215;1408;st
2218;1404
2219;1403
2219;1399
2222;1397
2222;1394
2219;1391
2222;1388
2228;1386
2233;1388
2239;1387;sl
2239;1389
2241;1394
2244;1395
2246;1397
2250;1396
2262;1399
2262;1397
2271;1399
2275;1399
2275;1396
2281;1393
2285;1389
2289;1389
2297;1386
2306;1386
2315;1386
2316;1384
2319;1385
2320;1389
2322;1390
2324;1392
2328;1390
2330;1391
2332;1395
2334;1396
2338;1394
2341;1397
2346;1400
2347;1399
2350;1399
2351;1401
2354;1401
2356;1402
2363;1399
2367;1400
2376;1401
2381;1399
2391;1393
2394;1396
2398;1394
2403;1395
2407;1393
2407;1395
2411;1398
2411;1400
2414;1399
2417;1405
2415;1411
2417;1415
2426;1418
2428;1421
2425;1426
2422;1426
2422;1430
2422;1433
2424;1435
2424;1441
2426;1442
2423;1448
2427;1450
2427;1454
2429;1457
2429;1458
2426;1458
2424;1461
2423;1459
2422;1456
2421;1456
2418;1458
2406;1455
2404;1458
2403;1459
2401;1459
2400;1457
2400;1456
2398;1458
2388;1460
2385;1459
2372;1465
2366;1466
2360;1465
2356;1462
2343;1466
2341;1464
2337;1463
2335;1467
2337;1471
2335;1472
2331;1477
2328;1476
qst;coaTurkey##level3#TurkeyFlag.png#What county is represented by this flag##spn#fra#ger##
inf;State;Turkey;10;level2;Turkey's location at the crossroads of Europe and Asia makes it a country of significant geostrategic importance. The Turkish War of Independence (1919–1922), initiated by Mustafa Kemal Atatürk and his colleagues in Anatolia, resulted in the establishment of the modern Republic of Turkey in 1923, with Atatürk as its first president. Capital: Ankara##spn#fra#ger;Asia#Southeastern Europe and Western Asia;;TurkeyCyprusPartNU
2515;1391
2517;1392
2516;1394
2520;1397
2521;1403
2519;1407
2518;1414
2519;1417
2520;1419
2526;1418
2526;1421
2522;1424
2523;1427
2527;1428
2530;1431
2532;1433
2531;1436
2530;1439
2532;1442
2530;1449
2532;1456;st
2537;1456
2543;1453
2544;1450
2552;1445
2560;1446
2561;1444
2565;1443
2568;1444
2571;1443
2573;1447
2583;1451
2584;1452
2589;1451
2592;1454
2595;1453
2597;1459
2603;1461
2606;1466
2615;1467
2616;1472
2616;1473
2615;1475
2618;1481
2619;1480
2620;1484
2627;1483
2628;1486
2628;1487
2630;1485
2632;1486
2637;1483
2637;1481
2639;1480
2639;1477
2647;1474
2648;1476
2649;1473
2653;1472
2654;1470
2655;1466
2657;1463
2656;1460
2661;1457
2665;1457
2668;1453
2675;1457
2678;1456
2678;1454
2677;1450
2678;1447
2677;1446
2675;1446
2670;1442
2665;1443
2664;1443
2652;1432
2649;1432
2631;1419
2629;1411
2627;1410
2624;1403
2624;1401
2619;1399
2617;1400
2605;1398
2603;1397
2604;1392
2603;1390
2605;1391
2603;1387
2603;1383
2596;1383
2594;1380
2590;1379
2588;1376
2586;1377
2582;1376
2585;1381
2579;1380
2578;1384
2572;1385
2568;1390
2568;1395
2570;1397
2569;1398
2557;1397
2551;1398
2551;1398
2543;1388
2541;1385
2536;1382
2529;1383
2524;1385
2516;1390
qst;coaTurkmenistan##level4#TurkmenistanFlag.png#What county is represented by this flag##spn#fra#ger##
inf;State;Turkmenistan;10;level3;Annexed by the Russian Empire in 1881, Turkmenistan later figured prominently in the anti-Bolshevik movement in Central Asia. In 1924, Turkmenistan became a constituent republic of the Soviet Union, Turkmen Soviet Socialist Republic (Turkmen SSR). It became independent upon the dissolution of the Soviet Union in 1991. Capital: Ashgabat##spn#fra#ger;Asia#Caspian Sea to the west
3956;2014
3958;2014
3959;2012
3958;2009
3949;2004
3937;1995
3934;1996
3933;1996
3934;1998
3936;1997
3933;2015
3937;2000
3942;2000
3947;2005
3949;2005
3955;2009
3955;2011
qst;coaTuvalu##level5#TuvaluFlag.png#What county is represented by this flag##spn#fra#ger##
inf;State;Tuvalu;10;level4;Third-least populous sovereign state in the world, with only the Vatican City and Nauru having fewer inhabitants. Capital: Funafuti##spn#fra#ger;Pacific Ocean#Midway between Hawaii and Australia
2679;1455
2682;1455
2684;1458
2689;1457
2691;1460
2692;1455
2698;1445
2694;1439
2695;1435
2692;1433
2692;1431
2691;1429
2688;1430
2688;1424
2690;1422
2699;1424
2701;1420
2703;1418
2703;1416
2699;1415
2707;1414
2708;1412
2707;1410
2709;1409
2709;1405
2713;1408
2720;1403
2721;1402
2725;1406
2720;1410
2723;1413
2724;1416
2726;1415
2728;1419
2729;1418
2727;1414
2730;1412
2737;1414
2741;1410
2742;1411
2743;1408
2747;1408
2751;1405
2745;1404
2744;1402
2742;1402
2741;1400
2738;1399
2738;1396
2736;1394
2735;1395
2735;1396
2732;1398
2732;1400
2730;1401
2729;1399
2725;1400
2724;1395
2720;1396
2718;1394
2721;1391
2724;1388
2728;1386
2730;1384
2727;1383
2723;1387
2722;1385
2717;1390
2716;1391
2711;1393
2707;1396
2703;1400
2702;1402
2700;1402
2701;1408
2699;1409
2694;1406
2694;1402
2693;1401
2692;1399
2677;1398
2677;1395
2671;1387
2672;1381
2672;1373
2672;1372
2668;1374
2667;1368
2662;1363
2662;1361
2658;1361
2655;1362
2640;1361
2625;1364
2615;1353
2615;1350
2586;1330
2557;1340
2557;1397
2570;1398
2570;1396
2568;1395
2568;1389
2573;1385
2578;1383
2578;1380
2582;1380
2583;1382
2585;1383
2582;1377
2581;1378
2582;1376
2585;1377
2587;1375
2590;1379
2593;1379
2596;1383
2603;1384
2602;1388
2605;1391
2604;1391
2604;1394
2604;1397
2617;1400
2619;1399
2624;1402
2624;1404
2627;1411
2629;1411
2630;1419
2649;1432
2652;1433
2665;1443
2670;1443
2675;1446
2678;1446
2677;1451
2678;1454
qst;coaUzbekistan##level4#UzbekistanFlag.png#What county is represented by this flag##spn#fra#ger##
inf;State;Uzbekistan;10;level3;Incorporated into the Russian Empire in the 19th century, and in 1924 it became a bordered constituent republic of the Soviet Union. Became the independent Republic of Uzbekistan on 31 August 1991. Capital: Tashkent##spn#fra#ger;Asia#Landlocked country in Central Asia
3814;2085
3815;2089
3815;2093
3817;2095
3820;2094
3820;2097
3820;2101
3823;2102
3824;2106
3827;2106
3832;2107
3833;2117
3832;2120
3833;2121
3836;2122
3842;2130
3841;2133
3844;2134
3844;2140
3846;2143
3849;2147
3849;2150
3851;2151
3853;2149
3848;2143
3849;2142
3845;2135
3847;2135
3846;2132
3843;2129
3838;2120
3838;2118
3835;2114
3834;2108
3835;2105
3835;2101
3835;2098
3834;2093
3834;2089
3832;2086
3822;2088
3820;2086
3825;2080
3826;2080
3827;2078
3827;2076
3826;2069
3823;2071
3823;2073
3825;2076
3824;2079
3823;2080
3819;2084
3817;2084
3815;2082
3814;2084
qst;coaVanuatu##level5#VanuatuFlag.png#What county is represented by this flag##spn#fra#ger##
inf;State;Vanuatu;10;level5;The first Europeans to visit the islands were a Spanish expedition led by Portuguese navigator Fernandes de Queirós, who arrived in Espiritu Santo in 1605. He claimed the archipelago for Spain and named it Espiritu Santo (Spanish for Holy Spirit). An independence movement arose in the 1970s, and the Republic of Vanuatu was founded in 1980. Capital: Port Vila##spn#fra#ger;Pacific Ocean#South Pacific Ocean
eof