2018;1460
2010;1462
2007;1461
2005;1459
2001;1459
2001;1462
1996;1462
1993;1458
1989;1460
1989;1462
1984;1463
1980;1466
1978;1465
1978;1463
1962;1461
1960;1464
1952;1463
1949;1467
1940;1466
1931;1468
1929;1470
1926;1470
1921;1474
1920;1477
1917;1477
1916;1474
1913;1478
1911;1477
1904;1481
1904;1484
1902;1483
1901;1487
1898;1485
1894;1488;st
1900;1492
1898;1494
1900;1496
1901;1501
1900;1507
1901;1509
1901;1513
1902;1515
1902;1517
1908;1523
1905;1525
1906;1527
1894;1527
1891;1527
1888;1527
1887;1530
1887;1533
1879;1535
1878;1538
1876;1541
1879;1544
1865;1548
1862;1556
1848;1560
1846;1560
1845;1562
1838;1561
1837;1564
1821;1573
1821;1591
1933;1669
1933;1673
1938;1676
1940;1679
1942;1680
1945;1679
1949;1682
1956;1684
1957;1687
1955;1693
1957;1694
1986;1689
2006;1671
2056;1639
2053;1630
2050;1631
2047;1628
2043;1627
2038;1627
2036;1624
2034;1622
2034;1616
2026;1606
2033;1600
2033;1596
2031;1592
2033;1584
2031;1579
2032;1567
2026;1554
2028;1553
2023;1531
2016;1524
2013;1516
2008;1514
2008;1511
2005;1507
2005;1501
2008;1500
2010;1496
2013;1496
2014;1493
2013;1490
2016;1487
2014;1484
2016;1481
2013;1478
2015;1469
2013;1468
2016;1466
2018;1462;sl
qst;coaLibya##medium#LibyaFlag.png#What county is represented by this flag##spn#fra#ger##
inf;State;Libya;10;easy;Tenth-largest country in the world, and the largest in Africa and in the Mediterranean. Capital: Algiers##spn#fra#ger;Africa#East by Libya
058;1980
2058;1976;st
2056;1972
2058;1969;sl
2061;1967
2063;1967
2066;1964
2069;1967
2067;1969
2065;1971
2063;1972
2062;1972
2062;1975
2062;1978
2062;1980
2058;1981
inf;UnDefRegion;AngolaCambiaNU;10;notUsed;eng#nor#spn#fra#ger
2052;2112
2053;2106
2052;2097
2056;2094
2057;2085
2059;2082
2059;2073
2062;2073
2062;2067
2066;2063
2065;2060
2071;2057
2075;2052
2075;2044
2075;2036
2074;2034
2070;2028
2068;2025
2069;2021
2064;2016
2072;2013
2069;2007
2066;2002
2065;1996
2065;1994
2062;1991
2059;1984;st
2065;1982
2069;1981
2075;1981
2107;1982
2109;1985
2109;1988
2110;1989
2113;1994
2112;1997
2115;2000
2118;2005
2119;2007
2125;2007
2132;2005
2134;2006
2140;2007
2139;2003
2142;2001
2141;1998
2143;1994
2147;1994
2154;1994
2153;1997
2163;1998
2167;1999
2168;2000
2167;2005
2169;2013
2168;2019
2167;2024
2172;2029
2173;2033
2173;2036
2174;2039
2172;2040
2173;2043
2177;2041
2180;2042
2183;2042
2187;2040
2192;2041
2193;2042
2194;2047
2193;2049
2193;2052
2192;2054
2194;2057
2191;2060
2192;2064
2170;2064
2170;2102
2171;2106
2185;2118
2166;2123
2163;2123
2160;2122
2157;2123
2150;2121
2145;2123
2144;2121
2135;2121
2129;2116
2078;2116
2070;2110
2061;2115
2053;2113;sl
qst;coaAngola##medium#AngolaFlag.png#What county is represented by this flag##spn#fra#ger##
inf;State;Angola;10;easy;Has vast mineral and petroleum reserves. Capital: Luanda##spn#fra#ger;Africa#Bordered by the Democratic Republic of the Congo on the north;;AngolaCambiaNU
1951;1842
1946;1843
1941;1844
1939;1846
1940;1843
1937;1838
1939;1831
1939;1819
1938;1810
1935;1805
1935;1800
1929;1796
1930;1790
1933;1787
1937;1784
1941;1784
1944;1783
1947;1779
1947;1774
1949;1774
1952;1773
1955;1776
1961;1781
1960;1785
1962;1788
1963;1795
1961;1796
1961;1798
1961;1800
1958;1804
1955;1806
1955;1811
1951;1812
1951;1819
1951;1822
1950;1826
1951;1831
1951;1840
qst;coaBenin##medium#BeninFlag.png#What county is represented by this flag##spn#fra#ger##
inf;State;Benin;10;easy;A Marxist-Leninist state called the People's Republic of Benin existed between 1972 and 1990. A majority of the population live on its small southern coastline. Capital: Porto-Novo##spn#fra#ger;Africa#Small stripe
2206;2120;st
2204;2120
2200;2123
2196;2122
2188;2129
2185;2124
2176;2124
2167;2127
2164;2127
2158;2127
2158;2170
2147;2172
2147;2184
2147;2205
2152;2211
2154;2214
2156;2217
2157;2221
2156;2224
2154;2227
2155;2231
2156;2232
2158;2232
2162;2232
2164;2233
2167;2231
2170;2229
2174;2226
2178;2223
2179;2216
2180;2213
2184;2212
2188;2214
2191;2216
2195;2216
2199;2219
2202;2219
2208;2218
2211;2216
2213;2210
2215;2205
2219;2204
2223;2201
2225;2198
2226;2193
2227;2191
2231;2189
2234;2187
2236;2184
2241;2180
2243;2177
2249;2177
2251;2174
2254;2173
2251;2172
2250;2169
2238;2166
2235;2160
2235;2154
2231;2153
2230;2149
2222;2146
2219;2143
2217;2142
2216;2138
2215;2135
2214;2133
2213;2130
2209;2125
2208;2124
2207;2120;sl
qst;coaBotswana##medium#BotswanaFlag.png#What county is represented by this flag##spn#fra#ger##
inf;State;Botswana;10;easy;Botswana is flat, with up to 70 percent of its territory being the Kalahari Desert. This country is among the hardest hit by the HIV/AIDS epidemic. Capital: Gaborone##spn#fra#ger;Africa#Southern Africa middle
1857;1797
1860;1797
1862;1800
1865;1802
1865;1804
1867;1804
1869;1805
1873;1802
1878;1802
1883;1801
1889;1808
1888;1798
1887;1792
1888;1789
1900;1790
1912;1789
1915;1787
1921;1788
1927;1789
1931;1789
1933;1786
1937;1783
1942;1784
1946;1781
1947;1778
1944;1774
1945;1771
1943;1768
1941;1770
1939;1770
1934;1768
1931;1764
1931;1761
1929;1758
1926;1756
1924;1754
1925;1750
1921;1747
1922;1743
1911;1741
1909;1744
1897;1747
1895;1751
1887;1754
1887;1758
1882;1757
1883;1761
1878;1763
1874;1761
1871;1763
1871;1768
1870;1770
1868;1772
1868;1776
1862;1777
1858;1780
1860;1782
1859;1786
1857;1788
1858;1791
1857;1795
qst;coaBurkinaFaso##medium#BurkinaFasoFlag.png#What county is represented by this flag##spn#fra#ger##
inf;State;Burkina Faso;10;Independence from France in 1960. Capital: Ouagadougou##spn#fra#ger;Africa#Mali to the north, Niger to the east, Benin to the southeast
2250;1947;st
2252;1950
2253;1953
2252;1958
2252;1960
2254;1961
2254;1965
2257;1965
2260;1964
2263;1961
2263;1960
2265;1960
2266;1956
2269;1953
2270;1952
2270;1948
2268;1945
2268;1943
2266;1942
2262;1942
2260;1942
2259;1946
2257;1947
2255;1947
2254;1945
2251;1944
2249;1946;sl
qst;coaBurundi##medium#BurundiFlag.png#What county is represented by this flag##spn#fra#ger##
inf;State;Burundi;10;easy;Burundi is one of the five poorest countries in the world. Capital: Bujumbura##spn#fra#ger;Africa#Landlocked country in the African Great Lakes region
2030;1887
2032;1890
2047;1890
2050;1888
2070;1890
2072;1891
2081;1890
2087;1890
2089;1892
2094;1891
2094;1893
2098;1892
2103;1896
2103;1891
2104;1889
2103;1887
2102;1882
2091;1870
2093;1867
2087;1862
2087;1856
2085;1854
2086;1852
2086;1848
2085;1846
2089;1841
2092;1834
2097;1829
2097;1826
2096;1824
2094;1816
2089;1814
2088;1814
2081;1806
2079;1804
2081;1800
2085;1800
2089;1800
2091;1800
2096;1801
2098;1799
2094;1796
2092;1794
2090;1788
2092;1783
2092;1779
2089;1774
2089;1770
2086;1768
2084;1764
2080;1764
2081;1772
2083;1773
2086;1774
2085;1780
2086;1782
2081;1785
2078;1786
2075;1790
2073;1798
2070;1800
2071;1804
2066;1808
2066;1812
2064;1815
2059;1819
2059;1823
2058;1826
2056;1829
2054;1831
2054;1833
2052;1836
2051;1839
2047;1840
2046;1838
2044;1838
2042;1834
2041;1833
2038;1835
2038;1837
2035;1835
2031;1838
2030;1840
2027;1841
2023;1845
2020;1848
2020;1851
2021;1854
2019;1859
2018;1861
2018;1864
2023;1867
2022;1869
2028;1870
2028;1873
2031;1876
2031;1882
2030;1887
qst;coaCameroon##medium#CameroonFlag.png#What county is represented by this flag##spn#fra#ger##
inf;State;Cameroon;10;easy;Compared with other African countries, Cameroon enjoys relatively high political and social stability. Capital: Yaoundé##spn#fra#ger;hint1#hint2
1714;1571
1714;1575
1715;1577
1719;1580
1715;1583
1712;1584
1712;1586
1713;1587
1715;1587
1717;1585
1717;1583
1722;1582
1723;1582
1725;1581
1728;1580
1729;1583
1731;1582
1733;1580
1738;1582
1739;1584
1740;1586
1744;1586
1745;1583
1754;1582
1757;1582
1761;1580
1762;1576
1763;1573
1762;1572
1765;1570
1767;1568
1767;1566
1763;1567
1762;1569
1761;1571
1760;1573
1759;1575
1758;1578
1756;1579
1754;1580
1745;1581
1744;1580
1740;1580
1739;1581
1734;1578
1736;1575
1734;1574
1732;1574
1732;1576
1729;1577
1727;1577
1727;1578
1724;1579
1722;1579
1717;1576
1718;1574
1718;1572
1715;1570
inf;State;Canary islands;10;easy;The Canaries are one of Spain's 17 autonomous communities. Mount Teide on Tenerife, the highest mountain in Spain.##spn#fra#ger;Africa#Northwest coast of mainland Africa
1648;1738
1636;1742
1637;1744
1641;1745
1644;1744
1651;1743
1657;1740
1657;1737
1659;1730
1662;1730
1661;1727
1660;1724
1659;1719
1658;1719
1657;1722
1658;1727
1646;1724
1646;1722
1642;1722
1636;1718
1636;1716
1633;1715
1630;1717
1630;1719
1631;1720
1634;1720
1641;1723
1643;1724
1658;1729
1657;1731
1650;1735
qst;coaCapeVerde##medium#CapeVerdeFlag.png#What county is represented by this flag##spn#fra#ger##
inf;State;Cape Verde;10;easy;Independence from Portugal in 1975. Capital: Praia##spn#fra#ger;Africa#Island country
2180;1789
2181;1792
2185;1796
2188;1800
2189;1804
2189;1808
2187;1812
2188;1813
2188;1815
2196;1816
2194;1819
2195;1820
2202;1822
2205;1823
2207;1825
2206;1829
2214;1834
2219;1838
2219;1842
2221;1845
2226;1847
2228;1849
2230;1852
2231;1857
2228;1855
2224;1857
2222;1857
2218;1855
2214;1856
2211;1854
2208;1855
2208;1857
2202;1858
2197;1856
2186;1862
2181;1861
2177;1865
2177;1867
2172;1868
2168;1864
2160;1866
2156;1863
2150;1861
2139;1861
2135;1862
2133;1866
2132;1871
2132;1873
2126;1874
2124;1873
2119;1872
2114;1875
2109;1874
2107;1881
2107;1884
2104;1889
2102;1886
2103;1882
2091;1870
2092;1868
2091;1865
2088;1863
2086;1855
2086;1848
2084;1846
2093;1835
2094;1830
2097;1828
2097;1830
2103;1828
2108;1825
2112;1829
2122;1823
2131;1823
2137;1817
2135;1813
2151;1810
2157;1806
2159;1802
2161;1800
2163;1800
2166;1797
2168;1790
2176;1788
2179;1789
qst;coaCentralAfricanRepublic##medium#CentralAfricanRepublicFlag.png#What county is represented by this flag##spn#fra#ger##
inf;State;Central African Republic;10;easy;Central African Republic is among the ten poorest countries in the world. Capital: Bangui##spn#fra#ger;Africa#Landlocked country in Central Africa
2103;1640
2193;1688
2193;1734
2183;1733
2180;1735
2181;1741
2178;1744
2179;1746
2174;1747
2176;1752
2172;1757
2173;1762
2169;1767
2169;1769
2173;1769
2175;1772
2175;1777
2177;1778
2176;1782
2181;1785
2179;1790
2168;1790
2167;1796
2163;1800
2160;1800
2159;1804
2158;1806
2150;1811
2134;1812
2136;1815
2134;1821
2130;1823
2122;1823
2111;1829
2108;1826
2102;1828
2100;1830
2098;1830
2096;1829
2097;1826
2095;1822
2093;1816
2087;1814
2083;1808
2079;1804
2080;1801
2085;1800
2088;1801
2091;1800
2095;1801
2098;1800
2093;1795
2090;1787
2092;1782
2091;1776
2089;1772
2089;1770
2086;1768
2084;1764
2080;1764
2075;1757
2073;1750
2076;1746
2077;1745
2077;1741
2096;1720
2098;1687
2103;1679
2096;1673
2097;1670
2092;1666
2090;1646
2102;1640
qst;coaChad##medium#ChadFlag.png#What county is represented by this flag##spn#fra#ger##
inf;State;Chad;10;easy;One of the poorest and most corrupt countries in the world. Capital: N'Djamena##spn#fra#ger;Africa#Landlocked country in Central Africa
2046;1961
2050;1963
2052;1966
2055;1972;st
2058;1969
2061;1967
2065;1966
2065;1964
2069;1967
2071;1970
2072;1971
2076;1968
2076;1966
2079;1965
2082;1963
2084;1966
2084;1968
2084;1970
2085;1971
2088;1970
2090;1966
2093;1964
2096;1961
2100;1958
2104;1953
2105;1940
2109;1934
2111;1930
2117;1926
2120;1923
2122;1915
2124;1910
2123;1903
2125;1900
2125;1890
2130;1881
2132;1877
2131;1874
2126;1874
2124;1873
2120;1872
2113;1875
2110;1874
2107;1879
2107;1883
2104;1890
2103;1895
2099;1894
2097;1892
2094;1893
2093;1891
2089;1892
2087;1890
2071;1890
2070;1893
2070;1897
2070;1900
2073;1900
2077;1898
2080;1899
2084;1904
2083;1907
2081;1908
2078;1912
2078;1916
2078;1917
2083;1920
2084;1922
2083;1926
2085;1931
2084;1934
2083;1936
2081;1939
2081;1942
2080;1943
2077;1943
2077;1940
2076;1940
2073;1943
2070;1942
2067;1939
2064;1936
2061;1937
2062;1939
2062;1942
2053;1942
2053;1945
2052;1946
2057;1948
2055;1952
2056;1954
2049;1956
2047;1960;sl
qst;coaCongo##medium#CongoFlag.png#What county is represented by this flag##spn#fra#ger##
inf;State;Congo;10;easy;Independence from France in 1960. Capital: Brazzaville##spn#fra#ger;Africa#Central Africa
2060;1984;st
2065;1982
2073;1981
2107;1982
2109;1986
2110;1990
2113;1994
2112;1997
2115;2001
2118;2007
2123;2007
2129;2006
2132;2005
2134;2007
2141;2006
2140;2002
2142;2000
2141;1996
2143;1994
2147;1994
2154;1993
2153;1998
2168;1999
2168;2002
2167;2005
2168;2008
2169;2013
2168;2017
2167;2024
2171;2028
2173;2031
2174;2034
2173;2036
2173;2038
2172;2040
2173;2043
2177;2041
2181;2042
2187;2040
2191;2041
2194;2039
2194;2041
2197;2043
2196;2045
2198;2046
2203;2043
2208;2044
2208;2048
2211;2050
2218;2051
2225;2052
2227;2050
2228;2048
2229;2048
2230;2051
2232;2052
2233;2055
2238;2056
2243;2058
2244;2062
2245;2061
2248;2065
2250;2069
2253;2069
2256;2066
2257;2069
2259;2069
2259;2054
2256;2055
2255;2057
2253;2056
2250;2056
2247;2052
2243;2050
2244;2038
2246;2036
2245;2031
2246;2026
2244;2022
2241;2021
2247;2016
2249;2014
2248;2011
2270;2008
2264;1995
2257;1988
2256;1979
2253;1969
2254;1964
2254;1960
2252;1959
2252;1949
2250;1946
2249;1945
2249;1942
2251;1939
2251;1935
2255;1930
2257;1928
2257;1916
2261;1910
2261;1905
2263;1904
2276;1891
2275;1888
2273;1888
2269;1888
2270;1884
2271;1883
2270;1880
2271;1877
2271;1874
2267;1874
2267;1871
2263;1871
2260;1865
2259;1863
2255;1862
2252;1864
2248;1864
2245;1864
2242;1866
2237;1863
2232;1858
2227;1856
2225;1856
2222;1857
2217;1855
2214;1856
2210;1853
2209;1854
2208;1857
2205;1858
2200;1858
2198;1856
2197;1857
2196;1858
2186;1862
2181;1860
2177;1865
2177;1866
2173;1868
2168;1865
2163;1865
2159;1866
2155;1864
2150;1861
2142;1861
2135;1861
2132;1865
2132;1870
2132;1877
2125;1890
2125;1899
2123;1904
2124;1910
2122;1915
2121;1922
2117;1926
2111;1929
2106;1937
2104;1941
2104;1950
2103;1954
2099;1960
2092;1964
2090;1967
2087;1971
2084;1970
2083;1968
2083;1966
2084;1964
2082;1963
2079;1965
2078;1966
2076;1965
2076;1968
2076;1970
2072;1971
2069;1968
2064;1971
2062;1972
2062;1975
2062;1979
2062;1980
2058;1980
2057;1980;sl
2058;1984
qst;coaDemocraticRepublicOfTheCongo##medium#DemocraticRepublicOfTheCongoFlag.png#What county is represented by this flag##spn#fra#ger##
inf;State;Democratic republic of the Congo;10;easy;Extremely rich in natural resources but political instability. Capital: Kinshasa##spn#fra#ger;Africa#Central African Republic
2414;1784
2412;1779
2415;1777
2413;1772
2411;1768;st
2406;1771
2401;1773
2400;1775
2396;1778
2395;1787
2396;1789
2401;1789
2407;1789
2408;1789
2412;1784;sl
qst;coaDjibouti##medium#DjiboutiFlag.png#What county is represented by this flag##spn#fra#ger##
inf;State;Djibouti;10;easy;Located near the world's busiest shipping lanes, controlling access to the Red Sea and Indian Ocean. It serves as a key refueling and transshipment center, and is the principal maritime port for imports to and exports from neighboring Ethiopia.##spn#fra#ger;Africa#Horn of Africa
2207;1535
2208;1536
2216;1534
2219;1535
2227;1537
2233;1540
2237;1539
2238;1541
2246;1541
2251;1545
2255;1544
2256;1541
2258;1541
2264;1538
2265;1536
2275;1533
2280;1535
2285;1537
2289;1540
2294;1541
2296;1540
2298;1541
2309;1539;st
2312;1546
2316;1559
2316;1563;sl
2315;1564
2314;1569
2314;1572
2313;1575
2311;1578
2312;1582
2311;1584
2310;1586
2307;1585
2303;1582
2302;1579
2299;1577
2297;1574
2297;1570
2293;1566
2291;1562
2290;1558
2288;1562
2291;1565
2292;1570
2293;1575
2296;1577
2299;1582
2302;1583
2303;1589
2306;1592
2307;1599
2311;1607
2317;1618
2322;1628
2327;1633
2324;1636
2326;1642
2328;1648
2333;1649
2335;1653
2341;1658
2339;1659;st
2204;1658
2204;1567
2201;1554
2204;1546
2202;1538
2206;1535;sl
qst;coaEgypt##medium#EgyptFlag.png#What county is represented by this flag##spn#fra#ger##
inf;State;Egypt;10;easy;Modern Egypt is considered to be a regional and middle power, with significant cultural, political, and military influence in North Africa, the Middle East and the Muslim world. Capital: Cairo##spn#fra#ger;Africa#Israel to the northeast
2018;1871
2018;1873
2016;1874
2015;1876
2017;1878
2020;1877
2021;1874
2021;1871
2018;1871
inf;UnDefRegion;EquatorialGuineaMalaboNU;10;notUsed;eng#nor#spn#fra#ger
2031;1888
2030;1891
2029;1894
2025;1898
2025;1902
2029;1902
2032;1903
2033;1900
2048;1900
2048;1891
2047;1890
2041;1890
2033;1890
2031;1888
qst;coaEquatorialGuinea##medium#EquatorialGuineaFlag.png#What county is represented by this flag##spn#fra#ger##
inf;State;Equatorial Guinea;10;easy;The authoritarian regime ruling Equatorial Guinea has one of the worst human rights records in the world (2014) Capital: Malabo##spn#fra#ger;Africa#Small country located in Central Africa
2359;1705
2361;1709
2363;1710
2363;1715
2365;1718
2366;1724
2368;1731
2369;1732
2371;1735
2374;1730
2374;1728
2377;1727
2378;1731
2381;1735
2379;1737
2380;1741
2384;1744
2389;1747
2392;1748
2393;1752
2396;1755
2398;1757
2402;1757
2403;1761
2407;1765
2409;1767
2410;1769
2405;1772
2402;1771
2401;1768
2399;1769
2395;1761
2391;1760
2387;1754
2385;1752
2381;1751
2376;1747
2369;1744
2365;1746
2362;1747
2360;1748
2358;1749
2357;1749
2356;1746
2351;1744
2347;1753
2344;1748
2341;1751
2339;1750
2335;1751
2334;1747
2334;1742
2333;1740
2335;1739
2337;1734
2339;1730
2341;1728
2339;1723
2339;1723
2341;1721
2341;1717
2345;1718
2347;1713
2349;1713
2354;1711
2358;1706
qst;coaEritrea##medium#EritreaFlag.png#What county is represented by this flag##spn#fra#ger##
inf;State;Eritrea;10;easy;Its name Eritrea is based on the Ancient Greek name for the Red Sea. Capital: Asmara##spn#fra#ger;Africa#Horn of Africa
2465;1823;st
2436;1854
2432;1857
2424;1859
2415;1859
2409;1864
2408;1866
2397;1868
2394;1870
2389;1870
2383;1867
2374;1870
2369;1877
2358;1873
2353;1873
2340;1864
2330;1864
2328;1861
2328;1854
2322;1854
2318;1847
2317;1842
2318;1841
2314;1839
2312;1836
2310;1836
2306;1832
2307;1830
2302;1826
2298;1828
2295;1826
2297;1823
2297;1818
2300;1818
2304;1819
2308;1816
2308;1806
2310;1800
2310;1793
2313;1791
2315;1792
2317;1790
2317;1786
2319;1783
2318;1780
2322;1777
2326;1770
2331;1769
2331;1766
2335;1758
2334;1754
2336;1751
2339;1750
2341;1751
2344;1748
2347;1753
2352;1744
2356;1748
2359;1749
2365;1746
2367;1744
2372;1745
2377;1752
2384;1752
2389;1757
2395;1762
2397;1767
2401;1769
2403;1772
2398;1776
2396;1782
2395;1788
2397;1789
2405;1788
2408;1790
2405;1793
2408;1799
2414;1805
2419;1810
2420;1812
2442;1819
2453;1823
2463;1823;sl
qst;coaEthiopia##medium#EthiopiaFlag.png#What county is represented by this flag##spn#fra#ger##
inf;State;Ethiopia;10;easy;Some of the oldest evidence for modern humans is found in Ethiopia, which is widely considered the region from which Homo sapiens first set out for the Middle East and points beyond. Capital: Addis Ababa##spn#fra#ger;Africa#Horn of Africa
2048;1902
2048;1891
2050;1888
2057;1888
2070;1889
2070;1893
2070;1899
2070;1900
2073;1900
2077;1898
2081;1899
2084;1905
2083;1908
2080;1908
2078;1912
2078;1917
2081;1918
2081;1921
2084;1921
2083;1925
2085;1931
2083;1933
2084;1935
2081;1939
2081;1941
2079;1943
2078;1943
2076;1939
2073;1942
2068;1941
2064;1936
2062;1937
2062;1940
2062;1942
2053;1942
2053;1945
2057;1948
2055;1951
2056;1954
2049;1955
2047;1961
2043;1956
2041;1954
2038;1949
2030;1945
2028;1941
2025;1936
2023;1932
2017;1923
2020;1922
2022;1923
2024;1917
2025;1912
2027;1909
2027;1903
2032;1904
2034;1902
2047;1902
qst;coaGabon##medium#GabonFlag.png#What county is represented by this flag##spn#fra#ger##
inf;State;Gabon;10;easy;Independence from France in 1960. Capital: Libreville##spn#fra#ger;Africa#Cameroon to the north
1727;1764
1729;1765
1730;1763
1734;1763
1740;1763
1741;1762
1745;1762
1749;1760
1752;1761
1754;1763
1759;1763
1762;1762
1763;1760
1759;1759
1757;1757
1752;1756
1749;1756
1744;1757
1743;1758
1739;1757
1736;1758
1730;1758
1729;1762
qst;coaGambia##medium#GambiaFlag.png#What county is represented by this flag##spn#fra#ger##
inf;State;Gambia;10;easy;Smallest country on mainland Africa. Capital: Banjul##spn#fra#ger;Africa#Smallest country on mainland Africa
1884;1857
1890;1857
1896;1861
1906;1857
1919;1852
1923;1849
1930;1850
1933;1847
1933;1845;st
1928;1841
1927;1837
1927;1831
1925;1829
1927;1826
1927;1819
1928;1817
1925;1816
1927;1813
1926;1807
1923;1805
1924;1800
1924;1797
1919;1793
1921;1788
1915;1787
1912;1789
1908;1789
1888;1789
1886;1792
1887;1796
1888;1801
1889;1809
1888;1812
1890;1817
1891;1823
1888;1825
1887;1827
1886;1832
1882;1839
1883;1844
1885;1849
1888;1851
1888;1855
1884;1856;sl
qst;coaGhana##medium#GhanaFlag.png#What county is represented by this flag##spn#fra#ger##
inf;State;Ghana;10;easy;Ghana has been a significant petroleum and natural gas producer since December 2010, and one of the world's largest gold and diamond producers.Capital: Accra##spn#fra#ger;Africa#Bordered by the Ivory Coast in the west, Burkina Faso in the north
1731;1774
1734;1775
1733;1779
1731;1783
1733;1788
1735;1790
1740;1789
1744;1789
1747;1792;st
1751;1787
1751;1785
1756;1781
1761;1781
1764;1779
1764;1773
1764;1769
1753;1769
1751;1770
1749;1769
1746;1770
1741;1772
1735;1772
1729;1773;sl
qst;coaGuineaBissau##medium#Guinea-bissauFlag.png#What county is represented by this flag##spn#fra#ger##
inf;State;guinea-bissau;10;easy;Guinea-Bissau was once part of the kingdom of Gabu, as well as part of the Mali Empire. Capital: Bissau##spn#fra#ger;Africa#Africa#West Africa
1748;1791
1751;1792
1753;1796
1756;1797
1759;1801
1762;1805
1765;1809
1766;1811;st
1771;1811
1771;1809
1774;1808
1778;1802
1782;1802
1784;1800
1791;1801
1795;1805
1797;1808
1797;1810
1799;1811
1799;1816
1798;1819
1805;1818
1809;1818
1811;1820
1812;1824
1813;1826
1812;1829
1815;1830
1818;1832
1821;1828
1822;1828
1824;1828
1826;1828
1829;1822
1826;1821
1826;1818
1829;1817
1832;1820
1833;1818
1831;1816
1829;1814
1830;1812
1830;1810
1830;1807
1827;1807
1827;1802
1830;1798
1827;1795
1825;1788
1822;1789
1822;1786
1824;1784
1822;1781
1819;1781
1819;1777
1818;1776
1817;1773
1813;1771
1813;1774
1810;1775
1809;1777
1803;1774
1798;1778
1794;1774
1792;1777
1790;1775
1790;1772
1783;1772
1778;1773
1769;1770
1764;1769
1764;1777
1763;1780
1760;1781
1758;1781
1755;1783
1753;1783
1748;1790;sl
qst;coaGuinea##medium#GuineaFlag.png#What county is represented by this flag##spn#fra#ger##
inf;State;Guinea;10;easy;Guinea is a predominantly Islamic country, with Muslims representing 85 percent of the population. Capital: Conakry##spn#fra#ger;Africa#West Africa
1835;1866
1844;1862
1853;1859
1860;1857
1868;1857
1874;1855
1879;1857
1882;1856;st
1887;1856
1888;1851
1886;1850
1882;1840
1885;1834
1886;1829
1890;1823
1891;1821
1888;1811
1890;1808
1887;1805
1884;1802
1878;1801
1874;1801
1870;1805
1868;1804
1866;1804
1862;1800
1862;1796
1858;1797
1857;1795
1854;1796
1849;1799
1849;1793
1846;1793
1844;1792
1844;1796
1840;1797
1840;1798
1837;1798
1834;1794
1830;1798
1827;1802
1827;1807
1829;1807
1830;1812
1829;1814
1833;1819
1828;1818
1826;1822
1829;1822
1828;1827
1824;1829
1825;1833
1825;1840
1824;1843
1829;1843
1831;1847
1835;1848
1836;1853
1834;1858
1834;1864;sl
qst;coaIvoryCoast##medium#IvoryCoastFlag.png#What county is represented by this flag##spn#fra#ger##
inf;State;Ivory Coast;10;easy;Officially the Republic of Côte d'Ivoire. Capital: Yamoussoukro##spn#fra#ger;Africa#West Africa
2393;1933
2390;1937
2388;1939
2388;1941
2384;1943
2378;1945
2377;1950
2376;1954
2374;1955
2372;1960
2370;1964
2367;1968;st
2356;1962
2352;1958
2350;1955
2347;1955
2349;1951
2348;1949
2309;1927
2305;1926
2306;1916
2306;1912
2311;1905
2312;1902
2315;1901
2315;1897
2318;1896
2317;1886
2311;1878
2312;1873
2309;1872
2307;1866
2313;1861
2314;1862
2328;1862
2330;1864
2339;1864
2344;1867
2353;1873
2358;1873
2369;1876
2374;1870
2383;1866
2387;1870
2396;1869
2390;1879
2386;1882
2386;1925
2392;1932;sl
qst;coaKenya##medium#KenyaFlag.png#What county is represented by this flag##spn#fra#ger##
inf;State;Kenya;10;easy;The capital, Nairobi, is a regional commercial hub. The economy of Kenya is the largest by GDP in Southeast and Central Africa.##spn#fra#ger;Africa#African Great Lakes region
2240;2258;st
2236;2259
2234;2260
2232;2264
2231;2265
2226;2268
2230;2273
2232;2277
2235;2280
2239;2282
2240;2279
2241;2276
2248;2273
2251;2273
2253;2268
2255;2264
2254;2261
2249;2256
2247;2254
2242;2256
2240;2257;sl
qst;coaLesotho##medium#LesothoFlag.png#What county is represented by this flag##spn#fra#ger##
inf;State;Lesotho;10;easy;Landlocked country completely surrounded by South Africa. Capital: Maseru##spn#fra#ger;Africa#Inside South Africa
2106;2256
2109;2260
2111;2265
2113;2271
2116;2280
2120;2286
2122;2290
2125;2293
2126;2298
2127;2302
2127;2309
2123;2308
2122;2309
2121;2311
2123;2316
2126;2320
2129;2324
2126;2327
2128;2328
2128;2331
2129;2332
2131;2328
2134;2329
2133;2331
2133;2332
2137;2333
2140;2333
2139;2336
2142;2337
2144;2338
2147;2338
2153;2333
2155;2332
2157;2333
2158;2331
2162;2333
2165;2332
2170;2332
2169;2330
2171;2330
2173;2329
2176;2328
2180;2328
2185;2328
2188;2327
2193;2328
2196;2329
2200;2329
2202;2329
2205;2327
2211;2328
2213;2324
2216;2324
2219;2324
2228;2320
2236;2315
2241;2311
2244;2309
2245;2306
2249;2303
2252;2300
2254;2296
2258;2293
2260;2293
2263;2288
2267;2282
2271;2274
2273;2273
2274;2269
2276;2266
2279;2263
2284;2259
2287;2257
2290;2251
2292;2244
2294;2236
2295;2230
2294;2226;st
2287;2226
2286;2229
2286;2235
2284;2237
2281;2239
2274;2237
2270;2232
2269;2231
2270;2224
2275;2219
2278;2218
2281;2221
2283;2221
2284;2208
2285;2202
2281;2192
2279;2189
2280;2187
2276;2176
2272;2175
2268;2176
2264;2177
2260;2175
2255;2174
2249;2175
2249;2178
2244;2178
2241;2179
2238;2182
2235;2186
2233;2189
2230;2189
2227;2191
2225;2194
2225;2198
2223;2201
2221;2202
2221;2204
2215;2205
2214;2208
2213;2213
2211;2216
2208;2218
2204;2219
2201;2220
2196;2217
2194;2217
2189;2214
2184;2212
2181;2213
2180;2214
2179;2218
2178;2222
2176;2224
2171;2227
2170;2229
2167;2231
2166;2232
2161;2232
2158;2232
2155;2233
2154;2229
2156;2224
2157;2222
2156;2218
2156;2215
2153;2213
2152;2210
2148;2207
2147;2214
2147;2221
2147;2232
2147;2252
2144;2253
2142;2254
2142;2256
2141;2257
2139;2257
2139;2259
2134;2258
2130;2258
2128;2259
2124;2256
2118;2257
2118;2254
2118;2251
2116;2250
2115;2248
2113;2248
2111;2250
2111;2251
2111;2253
2108;2254
2107;2255;sl
qst;coaSouthAfrica##medium#SouthAfricaFlag.png#What county is represented by this flag##spn#fra#ger##
inf;State;South Africa;10;easy;Is ranked as an upper-middle income economy by the World Bank, and is considered to be a newly industrialised country. Its economy is the second largest in Africa. Capital: Pretoria##spn#fra#ger;Africa#Tip of africa;Lesotho
1789;1836
1793;1840
1797;1842
1796;1844
1800;1845
1804;1848
1809;1853
1815;1858
1821;1861
1834;1866
1834;1864;st
1834;1858
1836;1852
1835;1848
1832;1847
1830;1843
1824;1842
1825;1837
1824;1832
1823;1828
1822;1827
1819;1832
1814;1830
1812;1827
1813;1825
1812;1819
1809;1817
1805;1818
1801;1819
1802;1822
1799;1824
1799;1826
1792;1831
1790;1835
qst;coaLiberia##medium#LiberiaFlag.png#What county is represented by this flag##spn#fra#ger##
inf;State;Liberia;10;easy;Liberia is the only country in Africa founded by United States colonization while occupied by native Africans. Capital: Monrovia##spn#fra#ger;Africa#West Africa bordered by Sierra Leone to its west
eof