3523;1944;st
3523;1986
3521;1990
3523;1994
3523;2017
3522;2020;sl
3513;2008
3507;2011
3503;2007
3499;2011
3486;2011
3488;2003
3497;1997
3495;1992
3496;1989
3492;1980
3463;1967
3455;1966
3450;1977
3453;1980
3454;1984
3453;1988
3450;1992
3447;1995
3444;1992
3446;1982
3448;1978
3434;1979
3430;1983
3427;1982
3418;1995
3420;1998
3418;2003
3415;2006
3409;2010
3409;2004
3407;2000
3413;1996
3407;1959
3399;1955
3388;1954
3382;1955
3377;1959
3373;1952
3368;1956
3364;1960
3358;1961
3351;2000
3361;2002
3354;2005
3348;2007
3341;2014
3345;2021
3339;2026
3335;2030
3330;2030
3322;2034
3322;2038
3318;2040
3314;2037
3322;2030
3329;2021
3338;2016
3335;2010
3313;2015
3300;2017
3288;2015
3288;2023
3296;2029
3294;2032
3285;2032
3280;2028
3270;2025
3279;2020
3285;2020
3284;2015
3276;2014
3261;2019
3240;2016
3230;2014
3223;2018
3216;2013
3204;2010
3198;2013
3178;2008
3161;2003
3148;2003
3141;2000
3131;2002
3129;1995
3120;1993
3121;1988
3123;1987
3125;1981
3135;1981
3144;1984
3154;1985
3156;1988
3178;1993
3178;1985
3186;1988
3195;1992
3202;1993
3217;1990
3217;1994
3204;1997
3206;2003
3221;2001
3221;2006
3231;2006
3236;2009
3243;2007
3245;2009
3256;2009
3266;2007
3272;2008
3277;2010
3281;2011
3288;2008
3294;2010
3296;2010
3300;2012
3309;2012
3316;2009
3316;2007
3321;2009
3330;2008
3344;2008
3349;2002
3358;1956
3354;1954
3352;1949
3350;1937
3332;1938
3326;1931
3314;1937
3310;1933
3304;1938
3309;1944
3316;1952
3320;1957
3320;1970
3320;1978
3315;1979
3310;1975
3307;1976
3305;1972
3300;1967
3301;1961
3295;1954
3297;1946
3288;1948
3291;1955
3288;1962
3291;1970
3288;1974
3291;1978
3292;1989
3289;1991
3286;1980
3283;1979
3275;1974
3278;1962
3275;1954
3272;1955
3270;1946
3276;1941
3276;1931
3281;1922
3282;1906
3288;1903
3291;1903
3295;1899
3303;1900
3316;1901
3328;1904
3339;1896
3346;1898
3339;1908
3369;1898
3372;1890
3383;1883
3385;1888
3380;1893
3384;1899
3378;1907
3377;1917
3379;1926
3395;1937
3402;1933
3400;1916
3413;1915
3412;1924
3427;1915
3438;1922
3444;1921
3446;1930
3446;1937
3451;1947
3457;1951
3469;1941
3462;1935
3451;1931
3451;1923
3462;1922
3468;1927
3469;1933
3478;1934
3488;1929
3518;1941
inf;UnDefRegion;EastIslandIndonesiaNU;10;notUsed;eng#nor#spn#fra#ger
3112;1987
3100;1976
3092;1970
3083;1979
3079;1977
3079;1971
3089;1967
3076;1954
3072;1950
3062;1954
3058;1950
3048;1940
3041;1931
3040;1925
3044;1923
3049;1918
3039;1922
3032;1912
3026;1899
3024;1891
3018;1889
3009;1889
3008;1883
3021;1878
3018;1872
3011;1869
3001;1857
3004;1850
3010;1851
3014;1854
3027;1857
3031;1858
3036;1867
3043;1872
3057;1881
3061;1886
3066;1890
3074;1889
3076;1893
3080;1895
3085;1899
3092;1901
3094;1905
3098;1912
3102;1915
3111;1914
3109;1920
3105;1926
3111;1933
3117;1936
3124;1931
3126;1938
3132;1941
3135;1945
3142;1947
3144;1942
3150;1945
3150;1950
3148;1952
3143;1950
3133;1949
3133;1952
3126;1949
3125;1958
3127;1965
3124;1975
3122;1981
3119;1978
3111;1981
3112;1984
inf;UnDefRegion;WestIslandIndonesiaNU;10;notUsed;eng#nor#spn#fra#ger
3162;1896
3158;1900
3159;1911
3162;1919
3164;1929
3171;1931
3172;1942
3173;1950
3182;1951
3190;1947
3191;1955
3201;1954
3207;1949
3211;1954
3219;1952
3223;1955
3223;1962
3238;1956
3240;1961
3244;1956
3242;1950
3245;1945
3245;1932
3258;1925
3258;1911
3263;1906
3275;1905
3259;1894
3264;1889
3259;1883
3260;1876
3262;1867
3256;1867;st
3251;1865
3243;1863
3241;1866
3236;1868
3235;1873
3234;1880
3229;1882
3231;1886
3227;1889
3228;1893
3225;1897
3219;1899
3216;1901
3211;1904
3206;1899
3205;1897
3197;1898
3196;1903
3192;1905
3186;1902
3177;1907
3171;1900
3167;1896
3166;1890;sl
qst;coaIndonesia##level3#IndonesiaFlag.png#What asian county is represented by this flag##spn#fra#ger##
inf;State;Indonesia;10;level2;Consists of approximately 13,466 islands. Capital: Jakarta##spn#fra#ger;Asia#Borneo;;WestIslandIndonesiaNU#EastIslandIndonesiaNU
3216;1861
3224;1859
3231;1855
3232;1861;st
3232;1866
3230;1866
3228;1861
3226;1861
3227;1865
3226;1867
3224;1869
3221;1867
3220;1866
3219;1864
3216;1862;sl
qst;coaBrunei##level4#BruneiFlag.png#What county is represented by this flag##spn#fra#ger#overridingHint1#overridingHint2
inf;State;Brunei;10;level3;Located on the north coast of the island of Borneo. Capital: Bandar Seri Begawan##spn#fra#ger;Asia#Borneo
3092;1783
3091;1791
3095;1791
3098;1787
3099;1791
3097;1795
3102;1796
3104;1793
3106;1796
3112;1794
3113;1792
3114;1788
3117;1792
3117;1787
3122;1788
3123;1781
3130;1780
3130;1775
3139;1774
3143;1773
3143;1769
3142;1764
3143;1757
3141;1755
3143;1747
3138;1750
3132;1747
3128;1749
3128;1756
3121;1754
3118;1752
3107;1748
3105;1750
3096;1750
3089;1754
3087;1759
3086;1766
3088;1773
3090;1779
3090;1781;sl
qst;coaCambodia##level3#CambodiaFlag.png#What county is represented by this flag##spn#fra#ger##
inf;State;Cambodia;10;level3;The official religion is Theravada Buddhism. Capital: Phnom Penh##spn#fra#ger;Asia#Capital: Phnom Penh.
3368;2011
3363;2015
3358;2017
3353;2018
3347;2021
3343;2014
3341;2019
3338;2021
3336;2019
3343;2011
3351;2012
3361;2010
3366;2009
qst;coaEastTimor##level4#EastTimorFlag.png#What county is represented by this flag##spn#fra#ger##
inf;State;East Timor;10;level4;Timor derives from timur, the word for east in Indonesian and Malay. Capital: Dili##spn#fra#ger;Asia#Capital: Dili
3167;1890
3171;1894
3176;1893
3180;1896
3182;1891
3185;1885
3185;1882
3189;1882
3203;1879
3211;1872
3214;1867
3216;1861
3219;1866
3223;1869
3225;1866
3225;1862
3229;1868
3231;1866
3231;1860
3234;1857
3233;1852
3236;1853
3246;1839
3249;1833
3253;1839
3259;1842
3262;1847
3269;1851
3276;1853
3274;1857
3270;1857
3265;1859
3271;1864
3262;1867
3255;1866;st
3251;1865
3246;1864
3242;1865
3237;1866
3234;1872
3234;1877
3234;1879
3230;1881
3230;1886
3230;1888
3225;1889
3226;1893
3223;1897
3220;1898
3217;1898
3213;1901
3207;1899
3206;1897
3201;1896
3195;1899
3195;1903
3191;1904
3188;1903
3183;1903
3178;1906
3175;1904
3172;1901
3169;1898
3167;1896
3165;1892
3163;1890;sl
inf;UnDefRegion;EastIslandMalaysiaNU;10;notUsed;eng#nor#spn#fra#ger
3081;1843
3085;1845
3087;1850
3093;1852
3097;1860
3097;1868
3095;1874
3098;1882
3103;1891
3107;1898
3110;1906
3106;1904
3099;1902
3095;1897
3088;1894
3082;1889
3071;1883
3070;1877
3065;1869
3063;1861
3060;1857
3059;1843
3059;1840;st
3060;1837
3065;1839
3068;1844
3070;1852
3074;1848
3078;1848
3080;1847
3079;1841;sl
qst;coaMalaysia##level3#MalaysiaFlag.png#What county is represented by this flag?##spn#fra#ger##
inf;State;Malaysia;10;level2;The constitution declares Islam the state religion while protecting freedom of religion. Capital: Kuala Lumpur##spn#fra#ger;Oceania#Two similarly sized regions;;EastIslandMalaysiaNU
3117;1751;st
3127;1755
3126;1749
3131;1747
3135;1750
3142;1747
3142;1742
3145;1739
3138;1734
3141;1731
3136;1725
3133;1726
3131;1719
3125;1713
3120;1705
3117;1700
3100;1692
3103;1689
3103;1686
3109;1687
3113;1683
3111;1680
3110;1677
3108;1677
3108;1674
3106;1671
3100;1674
3097;1673
3094;1673
3089;1667
3090;1661
3087;1664
3083;1655
3079;1653
3075;1656
3078;1662
3077;1668
3072;1668
3070;1665
3063;1671
3065;1673
3060;1673
3059;1677
3063;1680
3064;1682
3063;1687
3071;1688
3072;1692
3072;1698
3069;1702
3071;1706
3067;1711
3070;1714
3075;1709
3080;1706
3088;1706
3089;1708
3096;1700
3100;1703
3107;1709
3111;1715
3111;1720
3111;1727
3117;1732
3119;1731
3120;1737
3118;1741
3121;1745
3118;1750
qst;coaLaos##level4#LaosFlag.png#What county is represented by this flag?##spn#fra#ger##
inf;State;Laos;10;level3;Has no coastline. Capital: Vientiane##spn#fra#ger;Asia#No coastline
3589;1939
3590;1940
3596;1939
3597;1936
3591;1936
3589;1935
3586;1937
3584;1939
3586;1940
inf;UnDefRegion;NorthIslandNewGuineaNU;10;notUsed;eng#nor#spn#fra#ger
3679;1971
3680;1976
3683;1979
3686;1981
3691;1985
3693;1990
3691;1994
3687;1993
3685;1990
3684;1985
3681;1982
3677;1977
3677;1972
inf;UnDefRegion;EastIslandNewGuineaNU;10;notUsed;eng#nor#spn#fra#ger
3627;1945
3628;1942
3634;1944
3642;1949
3655;1958
3660;1962
3659;1970
3655;1969
3655;1966
3653;1969
3648;1973
3651;1975
3647;1980
3640;1983
3631;1989
3621;1987
3618;1984
3613;1984
3607;1981
3600;1988
3601;1991
3591;1993
3594;2001
3604;2008
3610;2017
3617;2016
3618;2023
3625;2023
3633;2021
3636;2026
3634;2033
3654;2017
3661;2020
3637;2033
3656;2034
3657;2037
3663;2042
3673;2042
3675;2045
3669;2047
3664;2047
3661;2044
3654;2037
3636;2036
3629;2039
3621;2035
3606;2032
3599;2031
3593;2024
3590;2019
3586;2016
3583;2008
3567;2001
3554;2006
3553;2012
3551;2015
3550;2018
3546;2021
3537;2022
3525;2020
3524;1996;st
3520;1990
3525;1986
3523;1946
3523;1942;sl
3542;1951
3556;1955
3563;1958
3568;1962
3579;1968
3577;1977
3582;1976
3590;1980
3595;1982
3599;1984
3606;1978
3604;1975
3624;1976
3627;1971
3627;1975
3633;1976
3637;1974
3640;1970
3642;1970
3643;1962
3648;1962
3650;1962
3652;1965
3655;1960
3630;1945
3627;1944
qst;coaNewGuinea##level4#NewGuineaFlag.png#What county is represented by this flag?##spn#fra#ger##
inf;State;New Guinea;10;level4;Largest city Port Moresby. West Papua with Manokwari as its capital. Papua with the city of Jayapura as its capital.##spn#fra#ger;Largest city Port Moresby#Papua;;EastIslandNewGuineaNU#NorthIslandNewGuineaNU
3297;1696
3304;1674
3303;1687
3302;1694
3308;1698
3310;1705
3310;1712
3313;1720
3310;1726
3305;1732
3301;1739
3303;1743
3307;1740
3308;1743
3304;1747
3306;1753
3309;1752
3314;1748
3318;1750
3320;1754
3324;1755
3328;1754
3332;1751
3334;1759
3327;1758
3330;1761
3333;1767
3336;1768
3343;1770
3347;1776
3347;1782
3348;1786
3350;1786
3350;1789
3341;1788
3344;1794
3350;1796
3350;1803
3353;1800
3354;1804
3353;1808
3357;1814
3356;1819
3359;1824
3361;1829
3359;1835
3357;1838
3356;1842
3353;1844
3352;1836
3347;1837
3350;1848
3345;1852
3343;1847
3338;1849
3333;1845
3329;1839
3331;1833
3333;1830
3326;1825
3324;1831
3322;1830
3320;1830
3317;1832
3316;1826
3311;1830
3312;1836
3312;1840
3306;1841
3300;1848
3294;1849
3294;1845
3300;1842
3307;1835
3305;1830
3307;1822
3314;1818
3326;1814
3330;1820
3336;1811
3325;1811
3319;1811
3311;1803
3310;1800
3316;1796
3313;1793
3307;1795
3305;1804
3305;1792
3307;1781
3304;1778
3307;1772
3302;1769
3297;1776
3293;1770
3285;1775
3288;1778
3286;1782
3280;1785
3281;1793
3288;1794
3283;1796
3275;1799
3269;1806
3262;1813
3253;1824
3248;1825
3252;1815
3260;1808
3272;1797
3276;1792
3277;1783
3284;1778
3282;1773
3293;1768
3291;1763
3288;1759
3284;1754
3290;1752
3285;1745
3284;1734
3282;1726
3285;1728
3290;1728
3288;1720
3289;1712
3289;1707
3292;1699
3296;1699
qst;coaPhillipines##level3#PhilippinesFlag.png#What county is represented by this flag?##spn#fra#ger##
inf;State;Philippines;10;level2;Consists of 7,107 islands. Capital: Manila##spn#fra#ger;A lot of islands#Capital: Manila
3291;1628
3287;1634
3286;1639
3282;1635
3279;1635
3280;1639
3283;1638
3285;1641
3285;1647
3288;1649
3291;1654
3292;1659
3294;1660
3295;1652
3299;1645
3302;1638
3305;1631
3306;1626
3306;1620
3308;1617
3301;1617
3298;1620
3297;1619
3294;1625
3291;1627
qst;coaTaiwan##level4#TaiwanFlag.png#What county is represented by this flag?##spn#fra#ger#overridingHint1#overridingHint2
inf;State;Taiwan;10;level3;Officially the Republic of China. Capital: Taipei##spn#fra#ger;Asia#Capital: Taipei
3108;1796
3111;1801
3114;1802
3112;1806
3111;1817
3114;1818
3118;1815
3120;1811
3127;1809
3132;1805
3135;1796
3138;1795
3140;1797
3159;1784
3162;1777
3163;1769
3165;1762
3163;1751
3157;1737
3150;1726
3141;1719
3132;1709
3131;1706
3125;1700
3121;1694
3124;1693
3124;1687
3128;1681
3133;1677
3142;1671
3139;1663;st
3135;1658
3133;1655
3132;1653
3135;1651
3133;1646
3128;1647
3124;1646
3122;1645
3119;1641
3113;1644
3113;1648
3110;1650
3105;1648
3104;1652
3099;1650
3094;1651
3092;1653
3086;1650
3083;1655
3087;1660
3091;1660
3091;1667
3095;1672
3098;1673
3100;1674
3104;1670
3108;1673
3110;1674
3109;1677
3112;1681
3114;1682
3111;1686
3104;1686
3104;1689
3102;1691
3105;1692
3110;1696
3118;1701
3118;1704
3121;1706
3126;1713
3132;1718
3134;1725
3138;1726
3143;1731
3140;1734
3145;1740
3143;1746
3142;1752
3144;1761
3142;1768
3145;1772
3143;1774
3138;1775
3134;1777
3130;1775
3131;1781
3125;1781
3125;1786
3122;1789
3120;1787
3118;1792
3115;1791
3112;1794
3109;1794
3106;1795;sl
qst;coaVietnam##level3#VietnamFlag.png#What county is represented by this flag?##spn#fra#ger##
inf;State;Vietnam;10;level2;Estimated 90.0 million inhabitants as of 2013. Capital: Hanoi##spn#fra#ger;Asia#Capital: Hanoi
eof